1525507608 95 24076262 6532453260694 160451 408512
1525507609 129 27636152 5945870808822 109389 226992
1525507610 162 35387139 7883576956649 109507 466814
1525507611 194 33830913 5938797490167 84248 181969
1525507612 193 30987102 5193881811024 87563 180753
1525507613 160 33623935 7230762411487 87982 379601
1525507614 222 32288552 5906710704176 46656 414798
1525507615 194 26555279 4190775988619 50745 194661
1525507616 159 32511644 6705457782610 186983 414342
1525507617 4341 36972393 6164284415711 748 424967
1525507618 20502 31992740 52731240542 747 5710
1525507619 20980 32001641 51926500731 717 6095
1525507620 21112 32000449 52059127829 750 6305
1525507621 20737 31997510 52122389428 786 6246
1525507622 8925 30441731 4089454291033 681 294543
1525507623 176 30235684 5477987327428 108995 262942
1525507624 21376 35326487 580737398695 711 170918
1525507625 21276 31998606 51503808532 643 6112
1525507626 20734 32001381 52965058637 754 7684
1525507627 21503 32006268 50102019692 641 6201
1525507628 13662 29270626 1403922371584 699 195690
1525507629 97 31947037 13396298189029 104300 521159
1525507630 130 28798498 7232815391726 102536 330472
1525507631 192 33322349 6162846587821 104982 264989
1525507632 162 33245013 7159124824449 1215 426618
1525507633 159 32031757 6714392160805 114722 424794
1525507634 195 34392633 6582428190321 1689 216818
1525507635 97 29403630 10532290250460 206250 487622
1525507636 5231 35577645 5234068919977 555 396856
1525507637 21724 31995825 49427580949 717 5687
1525507638 20929 32005599 51962607361 657 5999
1525507639 20880 31995930 51866933538 733 5982
1525507640 21077 32002169 51116864389 737 5530
1525507641 18807 32006120 272338109508 784 87979
1525507642 21370 31996364 51582644558 698 5974
1525507643 20919 31998895 52015947547 754 5651
1525507644 20819 32001467 51828458435 778 5691
1525507645 21754 32001025 49775625237 571 5707
1525507646 21848 31995323 49853262319 695 6134
1525507647 21437 32006275 51342623183 742 6015
1525507648 21739 31998234 50846948216 648 5776
1525507649 11210 31996729 7824094534919 707 497920
1525507650 21193 32004741 51578271347 602 6379
1525507651 22123 31995974 49517587376 688 5507
1525507652 20781 32001511 52478666561 752 5626
1525507653 21302 31998968 51073509662 714 5929
1525507654 21927 31995238 49098024194 746 5952
1525507655 21724 31971166 49629810630 726 5915
1525507656 21121 32030225 51963384677 780 5874
1525507657 20957 31997778 52045937662 755 5883
1525507658 20965 32000513 51522275051 756 5274
1525507659 21233 32003114 51277810892 732 5574
1525507660 22211 32005743 48637790189 722 7190
1525507661 21847 31998308 70657321672 520 145833
1525507662 20905 31998800 51869736750 696 5577
1525507663 20759 32000983 52745736817 714 5916
1525507664 21348 31999548 51600975312 688 6336
1525507665 22644 32006514 48413997722 673 5943
1525507666 20799 31990134 52675104382 750 6112
1525507667 21791 32003211 50163687687 646 6006
1525507668 21107 31998736 52195242808 751 6060
1525507669 20857 31998646 51843909264 762 5808
1525507670 20524 31998686 52447497782 853 6000
1525507671 20644 32005605 52898691723 800 6079
1525507672 22006 32004472 49157684208 653 5820
1525507673 21025 31999168 51341684422 814 5808
1525507674 20567 31995092 52446760706 712 5595
1525507675 21348 31995352 51159076936 742 5845
1525507676 17522 32009263 653623408471 748 132650
1525507677 20997 31993422 52191943912 732 6135
1525507678 21491 31997273 50087510407 742 5178
1525507679 22162 32001458 49206708756 714 5921
1525507680 21713 32003191 50400646051 747 5693
1525507681 22439 31998136 47989342720 657 5144
1525507682 20935 32002340 51756284122 756 5781
1525507683 22277 32000793 49120806877 751 5930
1525507684 20903 31993624 51814369670 843 5785
1525507685 21679 32005402 50149093178 730 5650
1525507686 21267 32000607 51136232269 749 5750
1525507687 21188 31998609 51111941189 775 5485
1525507688 22180 31987138 49543329992 741 5919
1525507689 21434 32008964 50610971710 639 14456
1525507690 21036 32003902 51275192224 755 6017
1525507691 22150 31997440 49061294130 671 6164
1525507692 22007 32002561 49269985479 751 5725
1525507693 21812 31996542 49734759842 713 5739
1525507694 21911 32005325 50651372607 699 6514
1525507695 21582 31997077 50474511119 674 5687
1525507696 21106 31996993 61294956713 810 50502
1525507697 22390 31999375 48586887737 729 6733
1525507698 21344 32006780 51300797428 740 5963
1525507699 21523 31995905 50204813607 827 5313
1525507700 21985 31998012 49216118416 722 5077
1525507701 21169 32001754 58667686160 724 16734
1525507702 22417 31997977 48808333793 709 5914
1525507703 22466 32008857 48929883137 786 5337
1525507704 22034 31999774 50023968276 773 6324
1525507705 21711 31998026 50676564238 714 5954
1525507706 21497 31995635 51448586615 679 18467
1525507707 21683 32005043 50180889809 764 5476
1525507708 21082 31992958 51290782890 741 5440
1525507709 21087 31999624 51564692486 743 5689
1525507710 20942 32000528 52388024398 757 5626
1525507711 17429 32006761 487990743847 543 112861
1525507712 21627 31988990 50710675284 772 5973
1525507713 21284 32007900 51566655310 733 5968
1525507714 22313 32007922 49195330326 663 5357
1525507715 22651 31990392 48479584114 758 6339
1525507716 22103 32006572 50033829800 647 7853
1525507717 20857 31999075 52173205805 754 5325
1525507718 22120 31996485 49533183091 691 5750
1525507719 20911 31996515 52048462877 742 6358
1525507720 21232 32006184 51445566736 792 5677
1525507721 20359 31990677 53719211295 736 5641
1525507722 21386 32003498 51806606618 731 7867
1525507723 22809 32006365 48645064935 625 5874
1525507724 21414 31990201 51882892857 587 5931
1525507725 21179 32000579 52257408599 701 6814
1525507726 20991 32000985 52424125407 733 6340
1525507727 21738 32003503 50436053689 760 5827
1525507728 21218 32004622 51950509452 704 6281
1525507729 20788 31990601 53020019307 786 5908
1525507730 22398 32010074 49150055952 584 5474
1525507731 21121 31992399 52062715221 728 6967
1525507732 21275 31999512 51873612504 734 7010
1525507733 20458 31996919 53912365257 803 6163
1525507734 22578 32006539 49084219931 719 6171
1525507735 22147 31997148 50416763126 658 7229
1525507736 21074 32000717 52294084491 758 5840
1525507737 21778 32002791 51801573739 730 7675
1525507738 21435 31993140 51816548224 537 5817
1525507739 21453 32005519 51998875801 747 6106
1525507740 21531 31996730 51496264566 790 6099
1525507741 21555 31999118 52087551248 733 6452
1525507742 21726 32004987 51535479579 712 6039
1525507743 21649 31988217 51274662151 676 5725
1525507744 20393 32013386 54045380584 820 5820
1525507745 20481 31996065 53648066099 754 6185
1525507746 18231 31997600 665371011396 663 141518
1525507747 21440 32008301 52729345209 637 7770
1525507748 22008 31988707 51268685103 673 8182
1525507749 22343 32014247 50135010565 612 5994
1525507750 22188 31990548 50555947692 695 7842
1525507751 22419 31997938 49994916404 653 6014
1525507752 21868 32001619 51177785295 680 6510
1525507753 21562 32002702 52818334048 679 6310
1525507754 22650 31997867 48948734669 633 5675
1525507755 22192 32005525 50586582653 632 5814
1525507756 20516 31993027 53901983317 823 6005
1525507757 20861 32005018 53707976796 720 7072
1525507758 21160 31999857 52370403645 693 5959
1525507759 21627 32000060 51811899910 668 6216
1525507760 22081 31999914 51017388612 600 5817
1525507761 21677 32004069 51506786445 674 5647
1525507762 21100 32001791 52724284003 598 6274
1525507763 22338 31991557 49734090115 570 5915
1525507764 20979 32003756 53734117008 708 6780
1525507765 20953 31988202 53922085154 561 5962
1525507766 23036 32007498 50061788644 551 6200
1525507767 21204 31996479 53605242107 648 6081
1525507768 21829 32008830 52139999762 653 6769
1525507769 21025 31993808 53579439332 676 6127
1525507770 21612 32003950 51946566832 627 5931
1525507771 21468 31987253 52279061681 625 5940
1525507772 22109 32010148 51124078494 631 5927
1525507773 21819 32005684 51592303276 601 5847
1525507774 21274 31989682 53150237236 720 6367
1525507775 21389 32005573 53037067543 618 6339
1525507776 21608 31998544 52645259922 600 6750
1525507777 21395 31999214 52669915348 627 6085
1525507778 22163 31998540 50756110864 682 5787
1525507779 22475 32006322 49364907524 653 6100
1525507780 22801 31995152 48841837666 653 6350
1525507781 21101 30263538 72748668790 595 43146
1525507782 20133 33738193 274209021757 742 77353
1525507783 22647 32004273 49609729941 586 6039
1525507784 20704 31996956 53728235624 707 5819
1525507785 21294 31998282 52601868292 556 5949
1525507786 21325 31990462 52645884240 659 5904
1525507787 21377 32003471 52331269523 651 6633
1525507788 20594 32005961 54333344123 753 5678
1525507789 20515 32000453 61316781645 639 17238
1525507790 21848 32001921 52298745541 642 7670
1525507791 20611 31995274 55460284708 766 16096
1525507792 14792 31997109 2722868208585 695 290884
1525507793 21585 32003790 52210191808 699 5874
1525507794 21533 31993894 53300111066 540 6379
1525507795 22944 32008552 51261113520 558 6312
1525507796 21063 32002362 53990019880 625 5790
1525507797 23050 32001792 49585531096 595 5742
1525507798 22314 31996809 50553035017 550 5971
1525507799 21459 31991654 52674837136 589 5813
1525507800 23979 32007919 48000855467 538 5597
1525507801 23983 31999658 47898152806 590 5868
1525507802 24204 32005099 46356845817 499 6188
1525507803 23700 32000912 48106657632 603 6034
1525507804 21500 31988520 52885123388 536 6430
1525507805 23015 32005662 50805290726 555 6640
1525507806 23533 32004242 49185683648 461 5785
1525507807 23432 31999457 49078247023 597 6383
1525507808 21883 31995066 52727036296 558 6293
1525507809 21274 32002856 54160213712 592 6971
1525507810 22360 31991800 52434807670 616 6373
1525507811 22117 32011008 52720801446 618 27095
1525507812 22121 31999028 52677102106 611 8463
1525507813 17172 31992585 1326562584043 623 206566
1525507814 21589 32000000 52357549568 693 6352
1525507815 16531 32002521 1735440374409 685 231712
1525507816 21598 31992667 53367688869 577 6808
1525507817 18684 32007068 496510635964 621 112793
1525507818 21105 32003810 58417151444 671 32476
1525507819 14771 26905330 1025352340356 637 178679
1525507820 18723 37075580 2795195822414 593 296591
1525507821 20256 32019527 57169489373 687 6460
1525507822 22050 31998289 52974205699 584 6947
1525507823 18465 31999778 832050438996 523 157867
1525507824 21131 32000970 53803440490 559 7079
1525507825 20085 32003601 57715926975 574 7320
1525507826 16052 31990821 1527078225879 687 215852
1525507827 21450 32004418 53212887438 556 15483
1525507828 21520 32001635 53633495779 577 5840
1525507829 21379 31997795 55206802343 585 19646
1525507830 21042 31993914 54999431826 602 6091
1525507831 21093 32003614 58679657114 561 14326
1525507832 20519 32000789 61605385111 565 15608
1525507833 20002 31998266 61968297336 579 14114
1525507834 22497 32005163 51892084111 525 7206
1525507835 22378 32005662 52570488618 577 28124
1525507836 19609 31985362 308805152982 637 90675
1525507837 15705 32010855 1238167659387 710 174432
1525507838 20141 31996455 96747224047 668 44893
1525507839 21621 31999653 51870239045 590 7959
1525507840 20920 31997977 53267470085 628 5897
1525507841 22002 31999870 102660806502 585 215901
1525507842 19958 31998628 61548204904 693 69524
1525507843 21350 32001099 63945438977 591 26351
1525507844 22681 32001725 57493415489 556 15298
1525507845 12845 31997441 3448855039541 578 317050
1525507846 9799 31997975 9455168235757 665 543995
1525507847 21278 32007115 53551008525 620 5851
1525507848 15661 31999062 2075331774450 572 274579
1525507849 21396 31999374 52920337682 650 16419
1525507850 16354 31996706 2306704330272 543 269909
1525507851 16704 31995006 1015356765494 664 168738
1525507852 18360 32004366 434993919876 605 105667
1525507853 21609 31651070 53412326888 567 6105
1525507854 18758 32353167 476948768911 599 116848
1525507855 21857 32001716 53591063600 538 6286
1525507856 21984 31991800 54514105600 607 24631
1525507857 20717 30355070 56499638266 518 16646
1525507858 10565 21837546 1198958186732 642 192480
1525507859 22166 43807553 4620417388195 601 379022
1525507860 21635 32003703 58947340037 556 15540
1525507861 21862 32004563 55544604815 583 8432
1525507862 22306 31999420 53538505744 525 12463
1525507863 20856 32003534 55033148006 607 12655
1525507864 21542 31994044 56333942870 592 13369
1525507865 22659 32003706 52091447972 532 6448
1525507866 21121 31698994 53943178338 612 6289
1525507867 17674 32298161 1303544162777 696 201383
1525507868 21086 31995154 55077929076 638 6153
1525507869 18519 32004319 632333039263 658 205533
1525507870 19624 31998660 139210463588 732 54223
1525507871 21256 32001988 58149822092 664 14335
1525507872 19973 32004201 360308743455 579 99674
1525507873 18403 31990655 628315335899 659 137083
1525507874 20849 32006410 55580837768 557 6065
1525507875 21857 31987918 53684939810 528 7857
1525507876 18366 32007659 633815109393 652 137987
1525507877 21027 31996068 53279873732 638 5803
1525507878 20690 32011087 58186848351 688 13157
1525507879 16730 31996077 1494177176337 660 215331
1525507880 22260 32001583 50740693063 675 5460
1525507881 21112 31997665 54722773851 655 7016
1525507882 21670 32007603 55058729111 449 7953
1525507883 21648 31991371 54808389793 576 5877
1525507884 19600 29136643 49737999863 634 15560
1525507885 20018 34859372 1160274930546 591 188900
1525507886 21509 32002702 55438587914 583 6356
1525507887 17822 31994347 481542130851 614 118910
1525507888 21723 32002559 54538345301 593 6698
1525507889 21186 32010098 71977604220 612 129893
1525507890 14726 22046162 38638249374 610 7695
1525507891 19439 41952911 4551200828937 522 376840
1525507892 20668 31993047 58506576889 615 20379
1525507893 16641 32006175 1654566122385 580 226753
1525507894 19837 31996692 57336768126 765 11419
1525507895 18695 32003832 575128376970 595 130150
1525507896 20815 31995755 91618369361 524 37011
1525507897 21653 32003374 55221948622 573 30467
1525507898 21030 31996818 77603221908 571 29284
1525507899 15869 32000317 2252213042767 597 270098
1525507900 17110 31997914 1578166113842 531 219968
1525507901 12607 18844207 33283823103 448 7655
1525507902 6879 45153253 37489860249071 615 1083983
1525507903 21040 32003942 56788083364 605 6826
1525507904 21421 31997129 54279338411 663 8795
1525507905 21130 31995054 55304938716 550 6750
1525507906 21417 32010131 54173965543 617 6806
1525507907 21667 31997209 54166734547 581 6542
1525507908 21617 32003536 54060510386 620 6055
1525507909 21768 31997314 54309930854 560 7259
1525507910 20837 31937867 56655519687 588 6129
1525507911 20192 32059873 58591289153 563 6347
1525507912 20851 32002269 57001635355 598 7080
1525507913 21224 31992939 55263032581 554 10192
1525507914 21504 32014102 54244224856 539 6274
1525507915 21131 31988871 55047786873 529 6923
1525507916 21630 32001341 54697307163 587 8540
1525507917 21415 32006119 55710381163 586 6428
1525507918 21246 31998290 54391689584 637 6137
1525507919 21752 31997993 53516010623 619 6698
1525507920 22077 31999252 53948870780 580 6398
1525507921 21919 32002297 53674194279 563 5948
1525507922 18051 32006541 272519577537 626 56861
1525507923 21466 31992888 54210546010 534 6339
1525507924 22074 31999747 52336207183 612 6404
1525507925 21357 31999681 53604041539 643 6742
1525507926 21494 31997160 53426544814 656 7017
1525507927 21522 31999660 54724964960 563 6034
1525507928 21957 32005583 53687721831 584 6165
1525507929 20692 31996376 55514562900 608 5754
1525507930 21172 31995429 52903690509 763 6083
1525507931 21889 32001644 51913741502 646 6451
1525507932 21448 32000213 54357466773 615 6096
1525507933 21231 31993205 54923193505 585 7088
1525507934 20108 32010950 130555838968 614 50507
1525507935 15699 32003512 425450110582 617 50650
1525507936 16847 32004697 391620491029 574 53184
1525507937 15557 31995620 462969563358 571 54189
1525507938 16868 31995506 351131907386 618 50390
1525507939 15895 32001178 416013921644 608 50007
1525507940 16123 31994588 473018042282 600 58360
1525507941 15951 32000303 422615386667 652 54166
1525507942 16020 31997747 463825819679 638 61368
1525507943 15416 30480501 412950296651 559 58890
1525507944 16429 33524749 490918089187 489 61219
1525507945 16737 31958572 358301050648 640 49799
1525507946 15557 30758556 413446836320 531 56724
1525507947 15606 33251068 480547988732 665 52401
1525507948 16615 32031735 428377551615 533 68514
1525507949 16324 32001392 416922944250 515 57665
1525507950 15335 32001605 497182752455 599 54509
1525507951 16324 31994197 436237903369 647 68859
1525507952 16339 32000773 408312096361 543 58089
1525507953 16712 32005400 368851511608 506 45868
1525507954 17284 31998229 346623892871 546 51396
1525507955 15714 32003646 437227771232 578 49977
1525507956 16906 31996162 367281620942 536 54537
1525507957 14311 32005900 505007951096 631 53960
1525507958 16853 31986384 400873293484 629 57038
1525507959 16947 31305458 322349108570 548 48103
1525507960 17239 32702276 318736629722 623 41522
1525507961 17123 32005522 301990381882 628 44634
1525507962 16679 31993519 377446626371 667 61642
1525507963 17319 31947039 294422937307 635 46397
1525507964 15719 31622303 427386737813 625 55383
1525507965 16640 32432117 355401030955 629 53925
1525507966 16472 32005312 375028899108 623 49685
1525507967 16626 31508168 336952247210 512 49620
1525507968 15715 31045741 383973152455 517 51656
1525507969 16287 33439182 506179024328 536 61631
1525507970 16364 32001477 387704950075 605 59246
1525507971 16012 31995685 394910020085 536 58678
1525507972 16622 31998368 411684127788 537 54836
1525507973 16175 32005511 403157401253 656 58451
1525507974 16453 31997796 377341458120 591 53924
1525507975 15738 31062353 418130178851 562 55171
1525507976 16126 31721541 403041996833 483 51643
1525507977 15758 32690125 484938803133 617 61493
1525507978 16065 31665540 376127120688 639 51405
1525507979 16095 32510351 458457726651 591 55976
1525507980 15925 31941077 445474114671 543 58125
1525507981 15905 32210153 472711158755 610 58715
1525507982 16123 32200384 436716457318 560 51918
1525507983 16053 31159585 371832284993 639 53832
1525507984 16115 31956745 450625831149 544 59428
1525507985 16049 32830184 495895313726 663 78966
1525507986 16216 30500603 372240214683 558 51905
1525507987 16268 32603598 462000329730 610 55320
1525507988 16447 32946896 448281136584 539 50783
1525507989 16200 31998403 394245648253 587 57353
1525507990 17043 32003082 351253474328 610 50258
1525507991 16071 32007381 403662147479 589 56716
1525507992 13583 31994656 660583597978 668 93629
1525507993 17675 31996666 345321706738 355 50560
1525507994 16672 31994042 377452707676 537 53533
1525507995 16984 32005919 379197869315 563 51272
1525507996 16581 32004334 403262525390 627 56198
1525507997 17572 32003893 299046349693 502 46950
1525507998 17015 31988172 310303762422 575 48059
1525507999 16850 31791820 301724301874 568 50537
1525508000 16966 32216734 339990111678 620 46660
1525508001 17441 31992217 298791802963 575 46583
1525508002 16842 32006355 351432098327 624 49154
1525508003 16950 31996362 347812258384 597 54329
1525508004 16667 31995071 406838612117 591 60295
1525508005 16586 32005903 363931630579 587 49915
1525508006 17231 31936413 292340541297 448 44070
1525508007 16654 32062060 385454953220 630 55929
1525508008 16781 31329358 309300666100 617 49568
1525508009 16529 32675893 398003766433 579 56722
1525508010 16890 31393488 334710250016 569 48651
1525508011 16797 32089024 358356047404 496 51335
1525508012 16742 32068976 344079891436 603 50293
1525508013 16790 32449309 375506303043 620 47120
1525508014 16681 31485457 370693780863 552 58366
1525508015 16789 32313543 330269210717 612 49217
1525508016 16851 31743639 372195899491 524 51472
1525508017 16936 32460594 347804872984 643 47203
1525508018 17169 31807384 325495006570 607 51657
1525508019 16934 31185225 336856915053 507 47416
1525508020 17009 31552867 375583158479 487 50896
1525508021 17806 33447599 376421860155 582 48840
1525508022 17979 32000336 293858247462 676 47890
1525508023 16791 31988951 338802871567 583 47948
1525508024 16724 32010665 367778428761 497 52132
1525508025 16325 31994500 359978386170 531 50893
1525508026 16945 30703191 270281688553 639 45976
1525508027 14779 33302082 596162607848 576 75320
1525508028 16216 31256357 360738703193 416 52561
1525508029 17144 32748043 397292089207 415 59179
1525508030 17468 31993664 283716801166 642 47070
1525508031 16697 32004199 389346143833 564 57395
1525508032 15776 31998952 418498518162 604 56439
1525508033 16615 32003404 363498911862 530 50264
1525508034 17215 31997853 344393461593 552 47768
1525508035 17140 30815557 287262905309 704 48481
1525508036 16486 33173109 453797780507 665 61536
1525508037 15530 32014065 444782329985 562 69209
1525508038 15827 31998265 371851541233 705 61758
1525508039 14941 32001365 505160527931 536 71625
1525508040 14480 31982481 455811251677 664 56262
1525508041 14156 32001927 403999508389 498 68035
1525508042 13608 28212895 339860801691 593 67108
1525508043 0 0 0 0 0
1525508044 0 0 0 0 0
1525508045 0 0 0 0 0
1525508046 0 0 0 0 0
