1525580030 7548 14190180 52939655398 760 36646
1525580031 20897 32000062 55920993564 654 9000
1525580032 20902 32008323 54833566031 640 9044
1525580033 19180 30837888 163702963490 702 63071
1525580034 423 31154698 2579523818892 39916 136729
1525580035 483 32825775 3253813454737 1084 233866
1525580036 230 30772974 5518533021428 686 306618
1525580037 14696 34413801 1752660145849 663 202675
1525580038 21404 31990988 52232248984 571 8662
1525580039 21553 31998952 54483037366 659 9227
1525580040 21526 32003399 52089049321 669 8669
1525580041 21376 31995681 52186601777 713 8888
1525580042 3864 31655228 1401451629210 785 78490
1525580043 383 29602806 2740533272790 49374 158059
1525580044 224 33799132 5196676031014 103520 189315
1525580045 206 29461238 4301821227642 100138 161303
1525580046 192 31975170 5414887625914 151459 241814
1525580047 210 34779066 6339494870806 89329 260925
1525580048 352 30833482 2707199366340 80658 95521
1525580049 17976 33893908 603410573480 804 97437
1525580050 21213 32004310 54988831662 736 8880
1525580051 20939 31997811 54535289317 736 8854
1525580052 21247 32003705 54111265951 590 9281
1525580053 21227 31998975 52815763341 644 9091
1525580054 976 28997382 2312201041678 964 110605
1525580055 448 34767722 2893595758242 45215 108052
1525580056 17076 32234668 543947616610 612 94146
1525580057 21619 31837514 52487207940 744 8962
1525580058 21241 32152350 54648390950 729 9252
1525580059 21521 32008194 52187019720 706 9040
1525580060 21792 31934410 52463694774 717 8617
1525580061 20130 32063261 122871513839 693 50665
1525580062 21481 32003620 53209835912 781 9100
1525580063 22206 31995080 49178355118 713 8817
1525580064 21460 32001375 52314509485 734 8902
1525580065 21575 32003149 50985621691 718 9741
1525580066 21294 31998925 53935487933 689 8902
1525580067 21320 32002106 52904633796 760 10728
1525580068 21642 31998475 53460356347 687 8818
1525580069 21648 31995344 50672381878 685 9158
1525580070 20852 32007771 65069078427 813 20598
1525580071 22319 31991880 50586198018 750 9410
1525580072 20743 32005176 52886847450 818 9293
1525580073 21528 31999864 52251593732 702 9124
1525580074 21849 31999260 54349723494 673 18662
1525580075 21769 32001651 51782168705 803 10526
1525580076 22584 31996132 49739665504 738 8751
1525580077 20776 31998711 55132686283 749 9174
1525580078 22445 32003509 51618136715 672 8980
1525580079 21754 31998763 53155750585 708 9321
1525580080 21387 31999483 50053516463 742 4518
1525580081 22087 32002571 52933954333 656 9390
1525580082 21712 32002168 51564170106 773 8571
1525580083 21653 31993947 53143060343 695 8892
1525580084 22057 31996873 53595897605 685 9257
1525580085 21754 32013863 52891898297 757 8662
1525580086 21870 31991715 52842917013 620 15584
1525580087 21972 31996063 50161990631 755 8400
1525580088 21119 32002142 53353257884 762 9273
1525580089 21330 31996727 53971571617 744 8900
1525580090 21391 31999496 52667593936 718 9960
1525580091 20707 32006758 51929749160 809 5334
1525580092 21192 31994749 60049088539 689 17265
1525580093 22603 32004145 48955928753 649 8952
1525580094 21775 31993173 53010373581 754 8820
1525580095 22005 32008515 51390646683 734 9286
1525580096 19818 32003774 252194502132 636 65947
1525580097 21827 31992721 51631983031 745 8805
1525580098 22362 32000132 51846151494 677 8744
1525580099 22648 32005157 49906642789 753 9002
1525580100 22364 31994806 57141535340 755 18931
1525580101 22497 32003519 50416179347 678 8810
1525580102 22675 31998622 47889484532 672 19111
1525580103 21257 31980564 53154465064 605 8730
1525580104 22398 32024351 54506875097 724 32585
1525580105 21638 31998931 52698123879 636 8970
1525580106 22740 31996916 49876438960 714 8816
1525580107 21735 31995454 53570694710 778 9307
1525580108 21229 32004102 54301887282 720 9033
1525580109 21148 32004803 53265758075 711 9146
1525580110 21808 31996722 52050937292 646 9242
1525580111 22886 31998794 49880309214 724 8723
1525580112 20862 31997624 52998018206 828 8550
1525580113 22304 31995454 49812947628 692 8338
1525580114 21850 32005582 53194862540 749 8985
1525580115 22689 32005004 51697908808 697 9157
1525580116 23226 31990624 47870479308 579 8801
1525580117 22893 32006348 48391646068 671 8489
1525580118 22920 32000309 49731231425 711 8546
1525580119 22940 31999556 49646990684 717 9102
1525580120 22415 31999944 51130379826 658 8901
1525580121 22103 32000994 51634615016 667 8532
1525580122 22506 32000279 49378937121 608 8520
1525580123 23227 31998908 49411371062 653 8886
1525580124 22611 31998660 49501705302 741 8398
1525580125 19752 32005576 469844026060 706 116281
1525580126 23724 31996238 47331240706 684 8532
1525580127 23201 31998302 50213310250 624 8799
1525580128 23142 32001600 47292510694 736 5560
1525580129 22717 31997650 50225449444 693 10168
1525580130 22566 32005172 50868371724 707 9252
1525580131 19975 31998218 309520499820 716 80081
1525580132 23298 31998072 46829481020 721 5844
1525580133 21240 31995330 55462169494 728 9602
1525580134 22693 32006067 50501767121 639 11030
1525580135 22197 31996533 54927863197 670 9804
1525580136 22335 32004089 48493586851 680 5696
1525580137 22826 32003540 49054133548 721 9823
1525580138 22723 31987508 51680309996 449 8831
1525580139 23301 32007418 49413893494 607 8908
1525580140 22901 31997211 52066033151 545 10512
1525580141 22434 32004407 50169871613 688 8423
1525580142 23123 31991847 48843213561 636 8665
1525580143 22777 32004372 52580360522 663 17741
1525580144 20942 32002844 54470701290 727 17892
1525580145 22283 31999914 52854905138 668 18175
1525580146 22842 32004861 51510997205 645 8970
1525580147 22326 31995325 53402783691 697 10890
1525580148 19796 32000360 641094521672 670 137989
1525580149 22421 31998225 52096776107 635 9941
1525580150 22659 31998183 53507106683 607 9612
1525580151 22386 32002663 51436584237 646 8676
1525580152 22469 31993113 50109421665 698 6313
1525580153 22609 32012089 50037552517 656 5678
1525580154 21747 31987099 55297679671 604 8822
1525580155 21932 32002291 52817529357 669 9403
1525580156 21996 32007200 53826381442 649 9465
1525580157 22269 31997278 52263738648 613 9420
1525580158 22902 31999982 50876101770 605 15545
1525580159 22450 31999785 50796874197 603 7802
1525580160 23139 31991035 49784518403 635 8913
1525580161 21475 32006050 57220396586 657 9770
1525580162 21985 31995233 54104110689 602 10472
1525580163 21982 32002724 52285601442 576 8465
1525580164 23207 32005518 48898022040 672 8472
1525580165 23003 31997939 47784513303 675 5327
1525580166 18927 32001500 333105895168 719 124701
1525580167 22002 31993336 52268439616 686 8779
1525580168 21761 32005458 52827931420 622 10480
1525580169 21588 31992486 51630905264 625 6543
1525580170 22267 32006579 51537399729 640 5643
1525580171 23234 32001512 51064010930 615 9088
1525580172 21451 31997257 55429219565 677 11203
1525580173 21387 32002903 55227123323 643 14385
1525580174 21646 32004295 51910723005 738 8709
1525580175 21597 31994165 54059491511 643 9893
1525580176 22310 32002058 51356453502 634 10309
1525580177 23532 32003550 49141146942 515 8982
1525580178 22117 31992707 53477444829 593 9150
1525580179 22544 32003477 51083359393 597 9782
1525580180 21428 29646665 47244890403 541 9019
1525580181 21008 34355184 573349101938 680 129527
1525580182 22902 31996296 50398450136 631 11625
1525580183 22516 32000264 50248274614 631 6085
1525580184 22573 32005615 52339773181 549 8274
1525580185 23495 31991832 50013195446 579 8826
1525580186 20907 32003238 53673989658 620 6411
1525580187 21962 32002109 51980131629 622 6595
1525580188 22651 32001415 52101976769 614 8301
1525580189 21664 31996489 54080813743 681 9023
1525580190 21414 31998522 57020777050 602 9453
1525580191 22091 32004800 53634385288 547 8892
1525580192 21036 31997365 55843010995 676 9040
1525580193 21664 31998668 52497498630 573 6649
1525580194 22012 31999443 52539422345 567 6020
1525580195 22977 31990159 51837371839 510 10789
1525580196 21985 32002832 53099304344 593 9859
1525580197 22838 32002314 50194456026 622 7177
1525580198 23158 32006114 50117912562 602 8731
1525580199 23956 32008470 47838598178 605 8341
1525580200 23331 31994311 47781515379 609 5277
1525580201 18791 31996135 490484290933 669 136038
1525580202 22748 32001325 51307542655 618 9419
1525580203 21778 31993872 54994302120 645 11098
1525580204 21456 32008733 53292122547 603 6555
1525580205 22633 31994026 53631186146 589 8630
1525580206 22238 32004745 55655783023 575 10459
1525580207 22634 31988900 51876397552 633 9073
1525580208 22667 32008841 51266246315 596 5821
1525580209 22329 31993309 51613330345 634 6289
1525580210 22354 32009680 52714134314 605 9051
1525580211 22413 32003190 54450552246 593 11121
1525580212 23381 31991044 49977426440 534 5682
1525580213 22896 31998611 51990550989 549 8719
1525580214 22794 32009238 52740062848 528 12601
1525580215 22293 31997147 55502360627 619 10313
1525580216 21475 31993364 56446539538 541 11273
1525580217 22725 31997805 51625343815 628 6636
1525580218 21945 32011833 53640064887 647 9133
1525580219 23352 31999372 48942712718 564 5875
1525580220 23229 32000349 50666412503 606 10175
1525580221 23144 31995656 50379396896 539 7981
1525580222 22375 32001566 51474044048 596 5833
1525580223 22287 31996061 52516484131 599 23202
1525580224 22893 31999669 55929280317 551 15768
1525580225 22154 32003426 55347459528 643 9748
1525580226 21982 31996829 52582396249 623 6290
1525580227 21770 31996466 54511328076 594 9765
1525580228 21867 32004782 53039341054 619 6380
1525580229 22583 32002065 52302593511 559 7309
1525580230 22208 32000425 52381760077 609 8939
1525580231 23078 31997598 52308956412 567 10414
1525580232 22189 31999690 53263724998 595 10604
1525580233 22780 32001054 50473290478 562 5645
1525580234 22898 32002499 48741854323 566 5555
1525580235 23833 31999761 47648026267 565 5525
1525580236 19948 31993156 337982230136 547 81053
1525580237 23215 32008650 50046440018 591 6152
1525580238 22667 31998012 54298767538 605 10839
1525580239 21295 32001962 54214853344 710 8378
1525580240 20924 31995348 53836572096 588 5779
1525580241 21793 31991236 55618131828 598 9506
1525580242 21971 32012015 54028775735 637 10473
1525580243 22549 31999333 50482562215 579 5859
1525580244 22767 31996722 53588638246 510 9009
1525580245 22619 32007139 53187130955 536 8994
1525580246 23543 31994314 50434758558 594 6148
1525580247 21685 31997061 56199364897 612 11719
1525580248 22922 32001011 53588965291 553 10397
1525580249 22777 32000582 54928089796 464 9260
1525580250 22837 32008178 51792852204 534 9884
1525580251 23251 31993612 48955389230 617 5760
1525580252 22691 32007947 53343051031 549 8770
1525580253 22453 31997097 52644473153 592 9591
1525580254 22636 31989733 53926096389 477 9361
1525580255 22324 32011557 53046338563 612 9020
1525580256 22861 31997130 51551305504 483 10670
1525580257 17559 31992166 1361174395414 659 204061
1525580258 22581 32003611 51298140973 613 8952
1525580259 23150 32007640 51225568718 588 8446
1525580260 23055 31989695 50944259791 574 6734
1525580261 22965 32006652 51979241246 591 10491
1525580262 22497 32001701 52598555457 609 8468
1525580263 23219 31997014 49497796064 568 8139
1525580264 22409 31999383 51396402811 596 8977
1525580265 22311 31989823 55255653863 606 11699
1525580266 22620 32007848 52630608532 568 8764
1525580267 22247 31998422 54983988402 633 9531
1525580268 22190 32004023 54348789439 565 8744
1525580269 21891 32000904 54799254284 479 10402
1525580270 21568 31990741 55107336581 539 9367
1525580271 19760 32012359 346079695891 549 87599
1525580272 22812 31994348 51899389810 548 6894
1525580273 22550 32005166 54402922622 582 9112
1525580274 22001 32001322 52605021078 546 8523
1525580275 22695 31989330 53096899332 542 8971
1525580276 22326 32003008 53096530946 630 8607
1525580277 22139 31994589 54541523577 598 11691
1525580278 22631 32004305 53945099993 578 12215
1525580279 22656 31999864 53642483372 531 8764
1525580280 22128 31998063 54484515333 605 9643
1525580281 22154 32003798 54555351122 597 9616
1525580282 22562 32005699 50085500943 600 7004
1525580283 23799 31997236 49346330724 642 9761
1525580284 23411 31998357 48577892297 650 5826
1525580285 21861 32007234 53449480360 576 10107
1525580286 21576 31992083 53635724073 627 8797
1525580287 22366 32003191 53408829483 569 12023
1525580288 22485 31994164 53497533590 586 10085
1525580289 21148 32001159 53852220059 696 6167
1525580290 21681 32006406 53724192754 710 11701
1525580291 23951 31993357 48856474689 546 5825
1525580292 22900 32001242 50583036718 586 5688
1525580293 21291 32003943 54506572275 682 9514
1525580294 22050 31994610 53812380892 571 10428
1525580295 23104 32001881 51532928133 589 9329
1525580296 22454 31993814 79423878316 613 30794
1525580297 21697 32007765 54537403807 625 9723
1525580298 22593 32001456 50866032482 576 5675
1525580299 22019 31998586 52229935654 605 6182
1525580300 21666 31994799 52843752439 700 5954
1525580301 21610 30813041 49036237079 630 6212
1525580302 395 33189981 33298734653797 923 1022474
1525580303 22034 31994315 52132364047 641 6286
1525580304 22819 32005837 51618759363 638 8643
1525580305 22697 32003805 51791793803 514 9757
1525580306 19515 31988814 210989131540 684 64124
1525580307 22155 32001271 52559162625 593 5824
1525580308 21729 32007518 54126407180 614 6681
1525580309 22047 31999185 55653086351 590 9361
1525580310 22375 31967053 53242770721 552 6754
1525580311 21791 32030118 55238833384 546 7220
1525580312 21653 31995982 56348683678 586 10076
1525580313 21584 32010970 56929949808 454 10720
1525580314 22350 31986362 53774967886 570 9611
1525580315 21988 32006796 55039179990 560 6660
1525580316 22556 32003233 53466768489 604 7357
1525580317 22519 31985380 53263842170 557 9655
1525580318 22298 32018938 52105179248 611 10965
1525580319 21890 31991734 50535428376 647 6213
1525580320 21485 31997453 57647129081 429 12443
1525580321 22298 32011418 52640430442 600 8700
1525580322 21461 31999054 56482391096 549 8882
1525580323 20760 31999677 59890435537 531 11236
1525580324 21157 31992925 57691074015 557 8075
1525580325 20896 32002956 58663211048 484 7785
1525580326 21911 32003348 52689116914 519 7087
1525580327 20533 31997568 60984964506 426 9130
1525580328 20411 32003829 60763793681 402 8328
1525580329 19933 31986714 64028865688 541 10573
1525580330 21019 32005592 59390497938 536 9871
1525580331 22308 32001878 54684777932 581 9430
1525580332 22271 31998526 52912127346 558 9472
1525580333 22155 32002819 52559109085 510 6648
1525580334 18829 31904563 234415026571 553 46513
1525580335 15163 30867371 444069846429 532 63319
1525580336 14604 33222944 548580639754 600 55876
1525580337 15211 31202359 513951202557 498 61567
1525580338 15776 32809625 458057183669 547 50973
1525580339 15305 31985978 462107414158 545 59451
1525580340 16130 32000646 418888266542 524 54660
1525580341 13871 32008913 660420774939 584 69662
1525580342 16778 32001387 425403023297 631 53772
1525580343 15332 30957762 452231052284 485 61559
1525580344 15680 33040575 547405254993 509 61971
1525580345 16548 31995894 408341017642 377 52917
1525580346 16209 31583384 360151908664 568 50038
1525580347 15637 32416641 492508412603 510 55188
1525580348 16571 32012031 377524634851 488 57724
1525580349 16475 31551268 416012183308 542 57522
1525580350 16645 32440396 386539467510 603 48043
1525580351 16756 31996441 408924152075 536 58329
1525580352 17229 31992553 361318470303 588 53474
1525580353 17072 32005506 392389381636 569 57565
1525580354 17480 31999224 343351771940 572 48307
1525580355 16502 31997118 378317191596 504 47976
1525580356 17271 32011078 341501955890 559 52169
1525580357 16943 31995012 327338113926 664 52790
1525580358 17657 31724267 287789974735 624 43629
1525580359 16941 32276815 366187256859 405 52179
1525580360 17584 31999239 336585281465 481 59174
1525580361 17978 32003024 302832729812 537 46113
1525580362 16652 32006888 413852582918 541 59543
1525580363 17651 31207615 290112961993 575 43662
1525580364 17670 32786920 330917177560 578 50709
1525580365 17236 31994990 334234647824 547 47787
1525580366 18508 32005523 288207047267 579 46995
1525580367 18089 31993900 307547412776 572 44412
1525580368 17993 31996913 323807902893 460 47283
1525580369 17715 31105335 266715850627 539 45901
1525580370 18856 32253402 260543459534 618 38600
1525580371 18075 31952103 276715664967 633 39898
1525580372 16796 32699850 361227606710 585 43810
1525580373 18900 31986401 268290119273 577 42407
1525580374 17724 32002082 365489130872 500 56870
1525580375 18112 31995829 302003706373 599 44159
1525580376 18440 31918150 267652330896 519 44470
1525580377 17157 32091017 301839301703 538 45127
1525580378 18478 31615490 238005526554 621 41238
1525580379 17187 32385900 375401534254 533 47591
1525580380 18134 31873039 326087253623 534 48707
1525580381 18037 32123953 351508607075 550 48146
1525580382 17452 32005345 350178959675 625 44750
1525580383 18329 31996149 333875516255 507 50712
1525580384 17436 31996134 331776120292 611 47007
1525580385 18741 32004142 254178415396 636 44320
1525580386 18434 31949748 244411714066 643 40166
1525580387 17381 31531707 333377829641 542 50970
1525580388 16583 32521278 419403766382 625 64162
1525580389 17709 31995724 313028364896 630 53990
1525580390 16645 32003030 376065874862 394 55792
1525580391 17494 31780752 360289320334 612 56204
1525580392 16677 32221231 382848107277 550 48250
1525580393 17325 31998708 330472512162 536 52012
1525580394 17048 31996087 375389287937 541 50978
1525580395 16501 32000869 396548613973 629 56819
1525580396 17318 31419977 342065473335 489 55748
1525580397 16714 31431998 364802321990 616 49307
1525580398 17382 33146276 443771808758 590 55189
1525580399 16934 32003875 333292462773 579 46963
1525580400 16692 31998901 333057793229 540 49432
1525580401 17071 32002605 332889843987 623 47637
1525580402 17354 31999213 347769175961 516 50586
1525580403 16973 32003453 357881317371 471 55129
1525580404 16493 31996638 368913669358 615 48575
1525580405 15801 32005818 435145039146 617 61060
1525580406 17618 31985860 297204267708 495 48685
1525580407 15854 32005691 581065296081 354 103264
1525580408 15632 31996192 410840251556 562 55430
1525580409 17576 32001617 290461229067 596 45828
1525580410 16802 32004364 414695021524 549 60057
1525580411 16673 31996845 328037874997 580 56173
1525580412 14995 31978294 439875754170 437 59056
1525580413 14735 32022195 434015904067 568 56137
1525580414 16538 31997715 303929274125 472 48388
1525580415 15972 31996859 417834705779 542 64959
1525580416 15195 31998808 447757867592 505 59217
1525580417 16877 30878782 303373812848 560 49851
1525580418 17531 33135193 341720369133 494 43770
1525580419 16441 30719612 298154519958 532 51127
1525580420 17076 33277324 425456766162 563 58665
1525580421 15096 32000308 469597202328 442 62449
1525580422 15102 32002959 402896282091 532 55877
1525580423 15786 31993693 459018513303 630 62935
1525580424 16062 32001717 420625430041 593 60011
1525580425 16491 31353029 340510148989 486 53856
1525580426 14185 32644307 578196667661 618 64947
1525580427 16546 32011808 340596349590 583 57004
1525580428 14105 31926583 589048226947 571 70741
1525580429 16402 32054660 378031214488 519 61185
1525580430 16886 32017139 281575984463 514 44015
1525580431 15062 30816798 319417155640 509 53287
1525580432 16968 33177981 436393918557 480 59539
1525580433 16697 31996929 411215659967 543 61858
1525580434 16140 32002399 456269130169 572 59023
1525580435 17182 31991220 302729305152 497 46213
1525580436 17366 32002468 343338452110 502 49322
1525580437 16767 31794959 345792382823 501 56191
1525580438 16202 32206340 423054808460 576 61716
1525580439 16391 32004774 448002584386 515 57886
1525580440 2653 3917180 6689048964 650 5488
1525580441 0 0 0 0 0
1525580442 0 0 0 0 0
