1525244609 193 20585164 2236025436632 51996 150970
1525244610 638 65635774 6912528797838 49749 199099
1525244611 642 63204517 6352621348315 45230 192388
1525244612 701 66553262 7360384195078 45708 207135
1525244613 9655 66573212 3331993318894 1733 166073
1525244614 20731 63999390 213624132492 1570 12195
1525244615 20744 63996502 217397380598 1579 12798
1525244616 21313 64021629 210790039779 1558 11864
1525244617 21442 63975530 208871101986 1603 11087
1525244618 9405 59967857 2402052393217 1992 134029
1525244619 701 63806759 6261693970845 40876 196183
1525244620 574 66331213 8607844155541 89035 356624
1525244621 828 65017081 5329385728187 52865 172784
1525244622 13055 64880256 1715049823308 1657 81863
1525244623 20515 64010925 216731226435 1871 12442
1525244624 21277 63965670 205524542922 1747 10777
1525244625 21006 64027095 208130435679 1819 11295
1525244626 21029 64002287 206651756893 1555 8545
1525244627 7263 60313665 2511889333915 1707 145373
1525244628 704 62999648 6126849494166 47319 228174
1525244629 769 67626341 6437766200305 27707 208116
1525244630 576 59127169 6237067372465 48756 238129
1525244631 13817 69921093 2773504964559 1850 197905
1525244632 20829 64001499 212237149343 1790 11207
1525244633 21276 64014683 204926329115 1757 8318
1525244634 21585 63911440 203207548150 1679 10719
1525244635 21087 64102622 212756997734 1133 11640
1525244636 6149 59508111 3069189306287 1804 153655
1525244637 702 66174088 7515543346590 73795 328572
1525244638 7635 66289042 2729987685874 1806 185883
