1525763689 0 0 0 0 0
1525763690 18692 61349246 299684902334 1663 65276
1525763691 20513 63990476 213459143438 1870 12207
1525763692 20241 64028940 215329270782 2195 11985
1525763693 21228 63981620 203066796106 2115 11801
1525763694 20410 63990919 211371645461 2142 12030
1525763695 19540 64022813 223634785191 843 10838
1525763696 20577 64000655 206939319113 2078 8948
1525763697 20384 63989753 210993073469 2077 11018
1525763698 20549 63990612 207830037268 2092 10158
1525763699 21657 64010055 200029781239 1938 10944
1525763700 20449 64011178 217950972716 2040 12432
1525763701 20014 63970657 217386190813 1618 11714
1525763702 20191 64018123 214601446989 1881 11372
1525763703 20866 63981996 206856901550 1370 12500
1525763704 18390 63998373 245654516535 849 10334
1525763705 13635 63880372 355063969208 624 18912
1525763706 12442 64108711 387159652111 435 16033
1525763707 14124 64015128 352790063978 537 18992
1525763708 9498 63751449 630039668735 637 36956
1525763709 12333 64250566 467187277782 1249 22225
1525763710 20313 63997978 214057496114 2200 11789
1525763711 20309 64005799 213868523429 2223 12621
1525763712 20575 64002138 213341914916 2162 11108
1525763713 20434 64012285 215720293779 1511 12874
1525763714 20878 63985605 206409547277 1876 11634
1525763715 20595 63995544 212947823730 2153 11445
1525763716 17639 64007114 666423573032 2254 97149
1525763717 20340 63990078 212967389322 2227 11136
1525763718 21185 64009704 203554529978 2107 10904
1525763719 20862 64000216 206710661610 2136 11246
1525763720 20773 63996833 209722416711 2129 11110
1525763721 19684 64007645 422256308673 1597 64096
1525763722 20347 63995922 211603160906 2180 11498
1525763723 20864 63999813 205030497437 2182 8182
1525763724 20673 63997972 210664204370 2176 11505
1525763725 20939 64021031 206205232975 2015 10237
1525763726 20319 63979749 212069522063 2013 11887
1525763727 20301 63993991 212478107485 2247 11360
1525763728 20399 64011364 214057875028 1988 11925
1525763729 21325 63991863 201110639569 1787 8776
1525763730 20637 64025297 209974668829 1173 9531
1525763731 20298 63989860 217910276798 1644 13226
1525763732 20755 63982062 208937403948 2031 13073
1525763733 20379 64002435 212449111881 2141 12978
1525763734 21038 64008417 206387199171 1353 12024
1525763735 20237 64011932 216483255700 2054 12360
1525763736 20164 63963559 234231641755 1792 20937
1525763737 20518 64019560 211960322614 2069 11369
1525763738 20748 63970853 209335602493 2014 11026
1525763739 20763 64020848 208980461856 2030 13264
1525763740 20964 64009600 204859227894 2022 8196
1525763741 21432 64002126 226922007020 1955 25739
1525763742 20752 63994016 206183881398 1959 8093
1525763743 20857 64007868 211247554118 1837 11850
1525763744 21435 64004903 200502369163 1947 8148
1525763745 20398 63985461 215035644539 1799 11446
1525763746 20814 63990606 208297920248 1903 11053
1525763747 20948 64015671 206259027381 1755 8636
1525763748 21251 64008959 201999602143 1811 9758
1525763749 21219 63999823 201849255347 1954 9160
1525763750 20606 64003030 208737791898 2146 8973
1525763751 20420 63968959 209904235687 2063 8287
1525763752 20711 64020668 207341955144 2061 9076
1525763753 21465 63989599 199746899367 2011 9895
1525763754 21451 64021679 200764701273 2033 8769
1525763755 20915 63982549 204474297723 2076 9477
1525763756 18950 64012244 434379178486 2150 67799
1525763757 20416 63990419 210074755321 2048 10854
1525763758 20675 63998321 207535811701 1557 10456
1525763759 20522 64006263 209620779589 1790 11129
1525763760 21583 64011321 198946435599 1908 8547
1525763761 21670 63991011 197540856757 1580 9024
1525763762 20970 63995760 207225838376 1112 10157
1525763763 19534 63930222 224223117632 1058 14961
1525763764 17163 64053399 306710563759 1029 24278
1525763765 19209 63992277 233205853505 1220 11419
1525763766 16178 64029540 404036905708 1128 48786
1525763767 18059 63998524 251634779948 906 11368
1525763768 19210 63998339 229926861531 1122 8681
1525763769 16790 63972711 292498960471 1261 16864
1525763770 15564 63968335 413659761005 972 33714
1525763771 14766 64070017 729509017951 966 53209
1525763772 16494 63930652 293325319996 929 17076
1525763773 17474 64047291 259594790525 844 12800
1525763774 16754 63933202 277975154704 858 16775
1525763775 17649 64094464 256946229538 1090 11526
1525763776 14854 63750451 405433837903 1161 25691
1525763777 14402 64264598 347362810578 1149 14947
1525763778 7213 59231288 708868721602 948 76339
1525763779 5117 68750715 2194276245947 840 206474
1525763780 4156 63728301 1047958525227 3699 37807
1525763781 3433 62101280 1184175365506 5777 47667
1525763782 7501 66170665 1132631821181 1254 65454
1525763783 19288 64002863 233545768133 1035 13381
1525763784 19050 63967273 225592228997 2015 8621
1525763785 18167 63996008 295438720148 1786 28488
1525763786 21488 64030263 198715952345 1932 8803
1525763787 21495 63989980 198133995734 1916 11710
1525763788 20789 63997118 204269642768 2014 8585
1525763789 20122 63994357 211544248097 1991 9751
1525763790 21495 64013557 198322779749 1740 13255
1525763791 20025 63980048 223780106386 1973 19014
1525763792 20413 64009339 210278918913 1923 10924
1525763793 20309 64009176 209870156706 1990 10959
1525763794 20203 63999339 210087501523 2071 10073
1525763795 20002 63994275 212899082667 2044 9408
1525763796 20124 64008741 212204161671 1937 8892
1525763797 20983 63988375 203817190887 1703 10825
1525763798 20738 64010702 205790131092 1858 9305
1525763799 21015 63990734 202837267120 1899 10877
1525763800 21081 64006414 202969777728 1751 10418
1525763801 19822 63991074 229537080930 2023 20990
1525763802 20922 64007475 204026004467 1924 8517
1525763803 21473 63999185 199666545355 1628 11572
1525763804 20815 63998096 206510952152 1862 13236
1525763805 20944 64009578 204470995576 1825 9283
1525763806 20206 63989977 259789636145 1714 32927
1525763807 21134 64001568 201515448650 1775 8038
1525763808 20507 63998597 209020765645 1846 8366
1525763809 20116 63988926 211606264140 2024 11170
1525763810 20679 64005174 206528182230 1931 13309
1525763811 20981 64000832 202941932324 1822 7409
1525763812 21214 64008665 201010033269 1948 10222
1525763813 21001 64001368 202647601028 1839 8716
1525763814 20396 63993879 208132506265 2015 9143
1525763815 20383 64000490 207938667696 1801 7951
1525763816 19784 63996867 214981105183 1986 8570
1525763817 20711 63986196 205220726144 1937 8287
1525763818 20739 64013293 206054721377 1921 8390
1525763819 20980 63993985 202781526297 1800 7923
1525763820 20450 64018240 208989239050 1789 8538
1525763821 19722 64006189 264357282503 1880 33589
1525763822 20794 63982002 208199263050 1708 10943
1525763823 19734 63978925 215349389971 1911 7158
1525763824 21272 64037108 199778804246 1754 9937
1525763825 20095 63996024 217207818604 1877 11214
1525763826 20152 63986430 278000252518 1886 44282
1525763827 20767 64023508 206595978016 1842 14321
1525763828 20206 63972698 212238823744 1907 11273
1525763829 19152 63994730 225633612536 1589 13570
1525763830 19815 64012597 222537337425 1830 11181
1525763831 18213 64004615 284717574351 1467 28811
1525763832 17932 63693217 252715053843 983 13860
1525763833 18918 64314277 241171109387 1538 12178
1525763834 18744 64021187 238357327289 1331 12442
1525763835 15632 63963517 402994265801 1445 31679
1525763836 17872 63999199 335864503833 1362 39316
1525763837 19858 63857501 213867485109 1412 10927
1525763838 17008 64037272 290185456422 1173 16578
1525763839 18248 64170865 262563990063 1364 12735
1525763840 17130 63925981 276434061761 1427 13631
1525763841 16458 64047270 331724509512 1019 43168
1525763842 19299 63961229 223439605559 1752 10601
1525763843 17471 63870909 265314197447 1340 15648
1525763844 18792 64111110 243615896706 1636 15829
1525763845 19772 63960871 217465709591 1504 8231
1525763846 17627 64010545 340826138273 1078 53965
1525763847 18565 63986231 253696009165 1103 13180
1525763848 17962 64073947 299149899071 1593 29906
1525763849 18623 63969529 240114533051 1403 12628
1525763850 18577 64021011 241015269665 1083 10877
1525763851 8865 64006482 1460289863492 1241 74086
1525763852 7755 63859170 1783782785966 1205 74364
1525763853 8450 64186030 1543606882792 1640 67403
1525763854 11957 62557052 1389302548968 1291 75332
1525763855 14160 65272171 915202698803 748 48035
1525763856 15073 64118751 761837099503 1867 36492
1525763857 14769 63386658 814918362472 999 39582
1525763858 14850 64605527 829392952305 1987 38959
1525763859 12702 64026457 1324052126839 611 62017
1525763860 10775 63964686 1487119904716 846 67840
1525763861 9508 63557875 1726546389469 505 68998
1525763862 7555 64103530 1831908371340 1117 91450
1525763863 7208 64245750 1450216704986 603 75460
1525763864 4240 64052901 1595206864631 1186 93473
1525763865 3453 63877853 2088335278073 10197 98840
1525763866 2984 57718967 1818705805423 2262 94336
1525763867 5090 70092974 2921412715380 1099 135080
1525763868 2663 64015872 2778572370904 14175 129326
1525763869 3540 64028460 2161549724022 2196 102946
1525763870 14614 64332091 722880436445 2004 36143
1525763871 15120 63995806 743322861278 1886 35835
1525763872 15067 64002405 770472037449 1347 36080
1525763873 15166 64003012 709150713202 1087 38146
1525763874 14986 63993188 739165032478 1984 35764
1525763875 15053 64049540 708937538202 1825 36558
1525763876 15461 63971934 701516154972 1988 33376
1525763877 15074 63938143 742818310555 1720 38733
1525763878 15293 62944960 699572048216 2133 37399
1525763879 15402 64887777 769273098057 1636 35964
1525763880 14866 64200720 792635257866 517 36160
1525763881 14641 63992892 797517688718 2093 41773
1525763882 15228 64000663 733646712429 2025 38619
1525763883 13989 61818685 883423082471 2131 44889
1525763884 15478 65414558 754744688246 2012 39378
1525763885 15336 64771843 758316507363 1963 37167
1525763886 14430 64011861 788302679405 1983 37003
1525763887 15376 62989222 689438783408 1878 35350
1525763888 15177 65006889 854463407391 1661 37917
1525763889 14790 64009734 797784514378 1962 36696
1525763890 15374 64004420 695365760694 1506 34481
1525763891 15004 63922474 767935866444 1695 36528
1525763892 14968 62884306 763865691206 1246 39250
1525763893 15577 65197086 735394774840 2061 34860
1525763894 14687 63992984 847327123386 1376 37005
1525763895 15013 63981686 837854503388 2005 40799
1525763896 14796 64007638 860705074700 1480 41860
1525763897 14898 64012282 798199499566 1285 40011
1525763898 15532 63980376 686939571614 2007 33595
1525763899 15790 63039388 653783662792 2121 35495
1525763900 15641 64966579 718621001183 944 35400
1525763901 15478 64004690 736005403790 1890 40750
1525763902 15510 63999976 685516543174 1357 33628
1525763903 15439 62829166 650265660620 2060 36296
1525763904 15661 65167753 712697052287 1795 33787
1525763905 15014 63974125 734215123917 1933 34361
1525763906 15921 63776827 657983366895 1413 33989
1525763907 15496 64252311 700031723955 1661 33738
1525763908 15183 62300561 645196285807 1756 35130
1525763909 15832 65707966 734717627550 1941 35061
1525763910 15163 63973534 721875315446 2033 36274
1525763911 16054 64036779 640051208349 1713 33081
1525763912 15369 63974409 699785269633 1957 33415
1525763913 15696 63224945 680131918453 2080 35138
1525763914 15304 64782100 744617750364 2078 36029
1525763915 15868 63261594 694127019564 1187 35506
1525763916 14722 61128377 726096619785 2027 63419
1525763917 16127 67605607 883592296561 1599 65689
1525763918 15741 64006948 673597928856 2054 32634
1525763919 15575 63252058 655255375458 1403 34163
1525763920 15645 64741815 680481452619 1040 33249
1525763921 15594 63995505 702444780499 1851 35504
1525763922 15527 63995130 694699101676 1895 33393
1525763923 16078 64011997 651420124611 1713 33406
1525763924 16095 63989368 663755713848 2031 32920
1525763925 15678 63097021 660874623625 1780 35084
1525763926 16433 64908522 651993316078 1986 33258
1525763927 15971 64013463 663721486975 1953 32486
1525763928 16064 62665063 614732157239 2044 33046
1525763929 16104 65314857 678352057919 1788 34905
1525763930 15898 62994084 609874929970 2104 34459
1525763931 16178 65014883 677944377973 1887 33036
1525763932 16014 63433453 613692178529 1892 32285
1525763933 15842 64562178 649185273922 2034 32575
1525763934 16139 64012972 630152164804 1780 33866
1525763935 16152 64004468 664533998118 1651 32931
1525763936 16263 63393270 617850845288 1778 32472
1525763937 16113 64578102 673560199422 1784 32941
1525763938 16339 63627250 607327554664 968 34285
1525763939 15801 64393280 638666581176 2150 32180
1525763940 16231 63988287 603609351965 1546 32429
1525763941 15801 62525433 638571807439 1521 34296
1525763942 16044 65495742 670018931438 1807 33670
1525763943 16026 63978249 634274643639 1829 34445
1525763944 16032 62836899 608569674479 1002 32950
1525763945 16047 65156377 660737792135 1489 32139
1525763946 16152 64017411 622296965279 2017 34771
1525763947 16155 64004781 618761165503 1864 32203
1525763948 15673 62521309 633671594617 1335 33385
1525763949 15922 65472394 724457193970 2079 34945
1525763950 16083 63998595 618604989039 2120 35037
1525763951 16344 64003375 638634403361 1996 33950
1525763952 15000 63995531 914099035441 2049 75376
1525763953 16214 64016615 644647182509 1949 34097
1525763954 15512 62556868 665478007864 2050 34759
1525763955 15748 65416364 742593830796 2058 36013
1525763956 16314 64010234 645813850926 1994 35533
1525763957 16530 63846554 614801170482 1896 32186
1525763958 16100 64156324 666910509638 1988 34349
1525763959 16353 63986190 612723874512 1376 32984
1525763960 16149 63996670 636501365454 1418 33945
1525763961 15840 62596868 617593222816 2047 32506
1525763962 16221 65403215 686703358963 1913 38729
1525763963 15788 64005311 646681436353 2069 34997
1525763964 15880 64015078 651946019312 1873 35030
1525763965 16094 63968128 659305866350 1980 34057
1525763966 15955 64033220 638900894070 1312 34764
1525763967 15942 63998462 647104676688 1868 35338
1525763968 15842 63982668 654891002016 1537 34752
1525763969 15181 64000275 721755286039 1739 36640
1525763970 14308 64013854 888379795858 1805 53738
1525763971 13311 63972787 1087855093057 1197 52898
1525763972 12933 63997056 1257485685366 952 54272
1525763973 12097 63263229 1378386217573 700 68820
1525763974 9312 64572715 1705694823909 1258 76167
1525763975 13040 63740090 1230146567212 1079 52662
1525763976 13204 64462715 1247981440809 632 53388
1525763977 13113 63984287 1181237108185 1365 53390
1525763978 14000 63827274 1019184497752 1147 55181
1525763979 13197 64174765 1165660527329 987 51369
1525763980 12601 64002304 1321982546850 1569 54158
1525763981 13173 62950112 1164022311390 1034 55098
1525763982 12094 64295215 1245149528991 1188 52159
1525763983 13467 62975478 1026566305130 814 49908
1525763984 13059 65784991 1351810882255 1387 52176
1525763985 12831 64008924 1183125554750 1053 51312
1525763986 13337 61772112 1032767442958 756 50618
1525763987 8301 66205992 2577152990332 1080 121750
1525763988 12956 63686199 1238039107255 859 63276
