1525318771 0 0 0 0 0
1525318772 1 146662 21509742244 146662 146662
1525318773 96 44960427 28610109971927 160125 1880880
1525318774 187 34944065 7107510126587 72992 291158
1525318775 70 27901471 13699518228851 211101 611423
1525318776 122 32597687 8712464358605 254046 274779
1525318777 6 6613174 7289011729570 1102162 1102221
1525318778 0 0 0 0 0
1525318779 0 0 0 0 0
1525318780 31 102928026 342780088235628 2947729 3409892
1525318781 88 49791843 56646340345377 237436 4492590
1525318782 64 30320492 16995597596346 250309 676984
1525318783 103 31481414 13200119205624 124241 644123
1525318784 127 35872055 10148849558625 256124 306245
1525318785 128 30217006 7216328044910 217589 501882
1525318786 95 21596536 4923909757834 207835 238553
1525318787 128 39757522 16113180850066 105570 800668
1525318788 127 38634912 14912732070486 206431 576230
1525318789 97 20196835 4207823668227 201266 214527
1525318790 32 21038303 13832137336963 656454 680915
1525318791 157 54868296 26265414616544 146450 757516
1525318792 66 11737989 2253570134465 143198 513175
1525318793 96 39212345 20193049569449 257429 703864
1525318794 64 31365479 18839711090911 255001 724805
1525318795 62 44510254 32003775144114 688537 745863
1525318796 64 28388412 18097248676794 132136 728493
1525318797 14666 37858053 6038797495319 739 493242
1525318798 21055 31995168 53549731510 804 9149
1525318799 19628 32000747 58918266545 794 12688
1525318800 20812 32000388 54395378082 803 9453
1525318801 20286 31998050 56920379352 792 9079
1525318802 20471 32000941 57715182107 781 9245
1525318803 20763 32003427 54618468715 761 8991
1525318804 20717 32001220 53368766066 806 8985
1525318805 20892 31997556 55473015008 813 9248
1525318806 18804 31993561 239891495859 740 78100
1525318807 20436 32000735 56797382899 791 9356
1525318808 20611 32004771 54964790057 782 9249
1525318809 21156 32000598 53713612708 756 9129
1525318810 20309 32002077 58724777143 785 9529
1525318811 21506 31997222 53543078938 768 10506
1525318812 20079 32002675 56342439993 768 9790
1525318813 20391 31996045 54389363805 579 9412
1525318814 21230 31999387 53160641891 614 8992
1525318815 20983 31998319 53937796385 752 9139
1525318816 20256 32003915 54434907723 786 8682
1525318817 19724 31996643 54431507587 818 5864
1525318818 21477 31997714 53987000000 670 9210
1525318819 21073 31999187 52110130263 812 8238
1525318820 21309 32004199 51928755423 745 8561
1525318821 20526 31997332 53338090320 683 6561
1525318822 21191 32005572 51116833774 706 5837
1525318823 22046 31893347 48984349657 593 5955
1525318824 20872 32109013 52336793419 529 5427
1525318825 21379 31997412 51642062276 647 6001
1525318826 20062 32003419 54727523693 625 6239
1525318827 21682 31999420 51379679892 540 6307
1525318828 13430 31994216 3133965802388 863 312755
1525318829 19665 32001092 54735949232 852 6028
1525318830 20463 31997269 52974161007 753 5969
1525318831 21357 32001949 51957469165 602 6170
1525318832 19762 32001202 55134481696 741 5990
1525318833 19823 31999399 54478900209 711 5724
1525318834 20311 31994105 53753487899 606 5955
1525318835 21469 32001848 51353957304 729 5833
1525318836 21727 32008159 51121526015 689 6104
1525318837 21234 31996891 52317729431 610 6020
1525318838 20830 32004585 52244646111 783 6068
1525318839 20870 31996000 52199433946 767 8436
1525318840 21803 32005257 50566291943 653 7294
1525318841 17340 32001749 436866318957 655 90204
1525318842 23018 32000288 47582015240 599 7604
1525318843 21524 31987235 51262801623 631 6163
1525318844 20804 32004050 53314145488 688 6375
1525318845 21358 31997067 51601872935 719 6005
1525318846 20661 32004602 53591518140 703 7203
1525318847 21668 31996079 51020576481 667 6318
1525318848 20821 32000194 52590847916 673 6240
1525318849 20874 32014390 52489648410 669 5988
1525318850 21511 31987113 51372040841 645 5756
1525318851 20486 31996211 53945762561 684 6980
1525318852 20872 32008954 52411100900 718 6154
1525318853 20550 31993297 52654885385 739 5580
1525318854 21692 32010818 51025280518 607 5945
1525318855 20699 31987732 52224729092 805 5420
1525318856 20612 32006202 54102470662 700 29251
1525318857 20851 31994896 52568314728 754 6762
1525318858 20927 32002472 52706611780 636 6217
1525318859 19254 31999763 55883538345 878 6429
1525318860 19006 32004225 56777822699 935 6376
1525318861 20740 31998939 52599285929 651 5747
1525318862 20596 32001471 52934876977 806 5908
1525318863 20616 31996080 53031801998 801 6049
1525318864 20518 31983721 53146721919 829 6369
1525318865 20499 32017365 53609727953 810 6808
1525318866 22051 31994954 50423801514 656 6329
1525318867 22424 32012014 49895006996 622 5725
1525318868 22811 31992339 48080068975 627 5669
1525318869 21910 32003232 50107978374 656 5995
1525318870 23160 32006566 48177795276 485 6137
1525318871 23587 31993403 47794891555 636 5998
1525318872 21000 31991559 52122088207 698 7429
1525318873 21197 31999640 52886739304 548 7347
1525318874 22857 32002814 48270860040 557 5919
1525318875 21337 32008597 51848993483 721 5998
1525318876 18769 27786420 73893535610 562 81963
1525318877 11201 21464137 784194381669 623 141618
1525318878 5191 46751643 50772867461041 653 1260074
1525318879 21586 31997817 51682075655 534 5735
1525318880 21085 31989427 52050442457 750 8342
1525318881 21929 32007526 51110776554 701 5739
1525318882 21645 31998935 50809377877 696 6536
1525318883 22823 32001820 48735241620 515 5941
1525318884 21667 31993956 51378915282 640 6168
1525318885 22951 32004406 48465902344 609 5434
1525318886 22873 32000203 49364444469 588 5975
1525318887 21731 31994016 50981301464 652 6866
1525318888 21936 32006904 51559521342 558 6217
1525318889 23121 31994262 48227355984 616 5800
1525318890 23564 32008459 47719889403 604 6278
1525318891 21158 31996644 52258900158 715 5808
1525318892 23776 31995504 47308175702 584 7388
1525318893 23727 31997203 46914634093 585 5438
1525318894 22065 32009484 50813338904 613 8157
1525318895 21501 31990879 51177773721 781 5881
1525318896 21340 32001825 51835336087 644 7480
1525318897 21465 32010545 51354677943 700 5646
1525318898 19881 31988407 55854262505 692 6855
1525318899 23868 32007289 47374489161 624 5658
1525318900 20932 31998451 53175768977 657 6214
1525318901 19239 31996693 57017289283 813 6173
1525318902 20815 31997144 53633809186 661 8103
1525318903 21722 32005010 51582984072 605 6680
1525318904 20997 32005002 52689407504 658 6090
1525318905 21467 31989994 51238309820 731 6217
1525318906 21745 32006266 51159062188 691 6410
1525318907 21745 32003833 51558413105 641 5940
1525318908 22382 32003364 50444367032 627 6529
1525318909 22641 31991872 49743806622 612 5938
1525318910 21347 31998889 53227093143 567 8131
1525318911 20386 30628795 134670650631 652 68681
1525318912 19447 33381159 693797100797 617 143745
1525318913 23811 31987426 47256753004 577 7633
1525318914 21479 32007151 50669651549 718 6324
1525318915 21900 31995240 50432880452 561 5723
1525318916 20056 31989020 54632990636 784 6120
1525318917 21127 32015312 52330990586 672 6319
1525318918 22789 32003443 49153779163 602 6227
1525318919 20408 31994940 54139873080 608 6098
1525318920 21278 31998376 51627549882 746 6012
1525318921 21484 32002771 51617727625 585 6067
1525318922 20735 31990214 54341131108 676 6000
1525318923 20488 32002863 55863256377 657 7304
1525318924 21009 32009161 54123693351 702 6154
1525318925 22503 31997290 51519168654 506 7440
1525318926 21419 31990094 52978247220 607 6048
1525318927 19646 32006199 56665998197 633 6330
1525318928 20034 31989709 55085493359 754 5927
1525318929 19802 32007113 55400953191 806 5759
1525318930 20391 32014046 55822951166 712 8302
1525318931 21773 31992086 53034018480 546 8631
1525318932 21897 31996209 51846495939 710 6582
1525318933 19665 31997730 58009578148 677 8417
1525318934 20778 32001297 54749003269 599 6113
1525318935 19820 32003125 56123762657 735 5982
1525318936 19656 31990713 56831775847 795 5828
1525318937 20073 32004797 56324327227 681 7894
1525318938 20793 32004514 54745709302 710 7981
1525318939 19878 32003390 56490065496 622 5843
1525318940 22965 32003530 50250565250 520 5715
1525318941 24895 31993578 46014068584 477 5652
1525318942 22033 32001904 51863474846 543 6053
1525318943 23078 31991548 49881512232 434 6166
1525318944 20801 32008074 54696339556 651 6254
1525318945 21255 32004919 53291106595 601 6124
1525318946 21845 31712175 51410872561 702 7285
1525318947 18617 32272309 793011995283 514 142947
1525318948 21401 32011191 53539082151 611 6205
1525318949 22974 31997716 50215904756 486 6207
1525318950 20901 31995050 54199128412 700 8450
1525318951 22240 32001720 51257211208 579 6871
1525318952 22333 32003711 49731584629 632 5630
1525318953 22928 32008821 49150601435 599 5934
1525318954 21859 31990202 51570547814 569 6343
1525318955 21488 31994012 52449664076 552 6191
1525318956 21227 32003053 53031608433 547 6009
1525318957 22103 31999727 50441320127 540 5756
1525318958 22005 32003918 50553840916 686 5775
1525318959 21971 31998678 50770182610 682 6212
1525318960 22402 31996652 51133543468 583 6746
1525318961 22944 32004378 49923299418 587 5867
1525318962 21844 31994119 51874331793 582 6906
1525318963 22256 32006983 51260390703 653 5731
1525318964 21171 31988211 54131626883 560 6552
1525318965 21668 32007414 52684128080 630 6550
1525318966 20782 31994896 54487779290 703 6077
1525318967 21053 32011016 54245574460 717 5805
1525318968 21436 31990081 53985883807 570 6204
1525318969 20778 32005399 55558356549 625 8896
1525318970 20593 31999143 54392852711 742 7785
1525318971 23079 31999197 49972782767 616 6424
1525318972 20913 32001434 53328424918 695 7443
1525318973 21073 31992028 53074260686 671 6323
1525318974 21103 32011826 52874154788 715 5414
1525318975 22197 31993200 51746360022 565 6235
1525318976 20815 32004276 55094906046 598 6201
1525318977 20001 31989913 57836390607 684 7616
1525318978 20340 32011666 56093583674 691 6003
1525318979 21522 31997844 54373440658 480 7030
1525318980 19966 31988507 58367368669 520 6474
1525318981 19951 32008432 58500819778 561 6234
1525318982 16689 31999338 788593498268 546 182278
1525318983 22463 32009151 51738382551 508 6233
1525318984 21740 31995711 51402404887 600 5633
1525318985 21189 31999460 53173060964 700 7900
1525318986 21997 32007823 51234507469 677 5945
1525318987 23517 31985352 49787872884 516 6044
1525318988 24030 32009264 49403415290 572 9055
1525318989 21401 31998651 53515628565 613 6070
1525318990 20382 31988161 56354926461 720 7638
1525318991 20697 32005314 55141604228 701 5812
1525318992 20015 32004577 57284344923 721 6681
1525318993 20944 32001974 54780404062 637 6765
1525318994 21700 31999069 54047997239 523 6499
1525318995 21411 32004854 54994967436 587 6181
1525318996 20358 31995501 56522940925 666 6330
1525318997 19645 31991479 58315676335 683 6509
1525318998 20001 32005649 57469454557 736 6239
1525318999 20370 32004159 56851768951 683 6040
1525319000 21029 31998259 55634218403 596 6094
1525319001 21463 32003077 54297216303 646 6054
1525319002 13343 31990845 4288681009397 594 365485
1525319003 22249 32010255 51589737549 613 7332
1525319004 21695 32002540 53352716992 624 6093
1525319005 21220 31987694 54741614734 616 6733
1525319006 20861 32002872 55429351790 717 6724
1525319007 20740 31994560 55984453882 564 6630
1525319008 19774 32005104 60302417024 718 51215
1525319009 22141 32005601 53231111109 603 7213
1525319010 15773 31991260 2141645156442 702 257400
1525319011 21925 32008360 51359526430 516 5853
1525319012 22829 31992138 50291901070 550 8045
1525319013 19799 32002786 55884638648 745 6026
1525319014 19658 32004790 56968762976 664 6664
1525319015 20728 31997775 56119845611 634 7185
1525319016 23462 31997158 51091012878 474 6281
1525319017 17891 32004899 354595821551 587 87742
1525319018 19648 31997819 58856906099 508 6301
1525319019 20622 32000238 56040997712 589 7922
1525319020 22849 31993847 51653834943 569 6245
1525319021 20620 32000699 90740890065 528 33948
1525319022 20051 31999958 70057740340 535 21832
1525319023 21514 32012432 54752310926 546 8192
1525319024 21546 31991422 54249063742 581 21692
1525319025 22530 32011545 52665973803 486 7556
1525319026 20966 31988158 55693286668 624 7798
1525319027 20836 31993079 54558814541 759 17466
1525319028 16845 32016301 1413502901849 622 208890
1525319029 21004 31989512 53596705286 632 6018
1525319030 21007 32003312 55851593242 596 6976
1525319031 20410 31999139 65372482711 660 20273
1525319032 21258 31994307 55892096339 535 8594
1525319033 20084 31999386 57210771836 619 6464
1525319034 20939 31998707 55313543601 571 5909
1525319035 21376 32005947 53233498511 560 5973
1525319036 21816 32004987 52769171609 541 19079
1525319037 14902 31998730 2473736412054 595 278101
1525319038 20629 32000488 54134264416 708 6047
1525319039 20062 31999418 56221435730 730 6230
1525319040 14858 32001694 2008714169908 719 248622
1525319041 21802 31995426 53159262716 529 6500
1525319042 20200 32001122 55901122702 681 7311
1525319043 20873 31994545 54337806737 770 6161
1525319044 21396 32003535 53188683091 534 7875
1525319045 20542 32003985 55651516967 687 6496
1525319046 20448 31991806 55777825260 689 7013
1525319047 19625 31997757 57864136635 735 6753
1525319048 19605 32008090 57976494018 703 7106
1525319049 20334 32000808 57142332040 533 6571
1525319050 20488 31993409 55689253323 683 6123
1525319051 21158 32005892 54516594310 574 6392
1525319052 18881 32001777 95558087685 672 34593
1525319053 18480 32002149 840483689657 588 158353
1525319054 21726 31997794 52496288364 549 7727
1525319055 19982 32004552 56155221930 807 6134
1525319056 17538 31994823 458707121967 766 115419
1525319057 20460 32005968 56431695610 477 6784
1525319058 21184 31992450 54267106262 577 7426
1525319059 20767 31999875 54997956909 627 7401
1525319060 20491 32003780 324480869654 485 94309
1525319061 25298 31987402 46423486706 470 5861
1525319062 20778 32007895 55232028375 582 6842
1525319063 20510 31997745 56172779179 712 7450
1525319064 20359 32007119 76949168107 579 28899
1525319065 21157 32002456 55566138562 546 7439
1525319066 22601 31992730 52906997230 535 8166
1525319067 21042 31993727 55485041553 644 8192
1525319068 22474 32009084 51410617212 541 6015
1525319069 22062 31990095 54193847429 549 7684
1525319070 16645 32009821 1617857990967 643 223029
1525319071 8256 12477942 20919669928 367 6731
1525319072 8601 51523031 45597177458583 572 1194807
1525319073 21529 31999857 56132817843 554 7473
1525319074 21647 31990808 56232452636 516 7304
1525319075 21354 32012104 58366386808 487 10003
1525319076 21275 31993800 56134107830 477 7357
1525319077 22053 32005321 53740781445 520 7569
1525319078 21629 31991810 55220078958 467 6776
1525319079 21587 32000780 55920279470 549 7352
1525319080 22663 32006361 54023019985 565 8211
1525319081 20883 31985495 55146542047 549 6360
1525319082 22544 32009881 52684692917 507 8902
1525319083 20159 32001118 57339113600 725 7857
1525319084 20998 31996902 54959539014 555 5633
1525319085 21247 32008844 55323424028 567 7437
1525319086 21839 31999751 53464232169 592 6980
1525319087 18452 31990951 283382752109 541 76476
1525319088 21766 32003910 54687689398 542 7721
1525319089 22651 32002699 52911364029 498 7605
1525319090 21963 31996886 54999155916 500 7819
1525319091 22238 31992966 52863623526 495 7423
1525319092 21718 31999463 54038062323 536 6968
1525319093 22188 32000518 53745733728 523 7234
1525319094 21017 32012681 55481858801 511 6450
1525319095 21781 31999983 54564888131 473 7069
1525319096 20607 31988564 56900582124 498 8398
1525319097 21557 32010159 54798486487 562 7354
1525319098 21877 31993424 53920731764 577 7227
1525319099 22273 31992213 53428660665 506 7667
1525319100 21547 32008245 55274232707 568 7868
1525319101 22442 32008507 53719550913 507 8645
1525319102 21666 31993967 54455025155 478 6534
1525319103 23462 31995518 50854662854 487 6316
1525319104 17195 31443496 284431180062 510 49591
1525319105 17133 32560177 381545625123 463 54608
1525319106 16566 31994813 356160054537 560 46828
1525319107 16315 32004231 322106570899 592 47722
1525319108 16154 30906160 323668082102 567 50142
1525319109 17167 33093938 373941049264 546 48716
1525319110 16972 32006117 355941827837 513 48094
1525319111 16977 32000173 366029342069 573 52737
1525319112 16143 31997791 487054207111 558 57722
1525319113 17329 31322206 311907291150 534 46033
1525319114 17889 32674985 382816676065 506 53020
1525319115 16066 32001060 376955631016 465 48827
1525319116 17296 31403196 324961901532 556 54944
1525319117 15286 32600741 444316491455 523 45848
1525319118 17949 31786747 315534649705 480 47141
1525319119 15548 32213029 506207804477 605 66296
1525319120 16459 31998536 416271474438 528 58410
1525319121 16848 31986570 351554412296 569 53546
1525319122 15360 32014197 462659633713 597 57859
1525319123 15867 31996656 389588865986 593 47933
1525319124 16739 31998173 366087964665 597 50304
1525319125 17473 32002917 365288699483 365 47763
1525319126 17688 31461689 328280028093 545 56291
1525319127 17416 32536789 450210355509 526 59571
1525319128 16360 31224082 385221945344 578 49144
1525319129 15572 31471828 407192609530 502 54626
1525319130 16846 33308226 540863936022 542 60345
1525319131 17143 31096864 386299414414 503 54762
1525319132 15797 32906076 508623827368 504 53648
1525319133 16350 31996928 455090646062 456 65502
1525319134 17843 31993412 357099950084 557 56665
1525319135 15930 31118802 482896596816 561 65433
1525319136 17263 32882445 445966100263 552 53917
1525319137 16925 31987437 403888780823 496 60193
1525319138 16077 32013537 429011910509 500 54625
1525319139 15971 30835210 378879871524 551 53411
1525319140 14531 33175281 816055652583 577 116338
1525319141 14921 31991182 477225496924 556 63292
1525319142 14773 31999223 558924660697 503 68614
1525319143 15984 32002878 512598973336 620 61087
1525319144 16685 31986728 430214363830 575 57239
1525319145 16172 32016458 388444418300 479 53631
1525319146 16632 31984450 445570352216 511 58679
1525319147 16800 31821466 381183930706 515 51367
1525319148 17000 32191952 434116606888 559 57378
1525319149 18265 31624669 320373155497 542 49738
1525319150 17291 32369831 402197168205 554 49354
1525319151 17074 31997923 366934920259 577 52459
1525319152 15466 32004536 491175997846 594 55203
1525319153 16382 31994575 380943293669 544 51575
1525319154 16758 32004350 408145697832 588 52501
1525319155 17087 31215477 371044439273 656 56264
1525319156 18045 32774652 328011051808 519 49190
1525319157 15883 32014229 503411000665 600 59830
1525319158 17229 31999657 406024026441 579 52171
1525319159 16872 31333055 410310140707 561 55266
1525319160 17316 32667870 487647284318 438 56562
1525319161 17470 31987922 380455939192 559 54420
1525319162 17644 32002913 421145429055 473 56822
1525319163 17304 32015324 396568541566 570 53696
1525319164 17760 31990951 440760745177 558 57792
1525319165 16845 31052554 392797999188 538 54094
1525319166 16751 32949253 472208841923 466 57712
1525319167 17090 31994740 434691863678 556 55769
1525319168 18501 32004741 349684056079 507 55223
1525319169 16545 31985578 402714986044 508 56007
1525319170 16772 31985037 380447092949 336 48408
1525319171 17762 32018042 406559176372 482 54068
1525319172 17559 32010617 365492268139 510 52971
1525319173 17224 31989403 408719092415 506 54882
1525319174 16911 30927531 359937870253 488 50968
1525319175 17141 33080257 462415336435 520 51440
1525319176 17813 31970178 392214284852 434 56402
1525319177 17230 31981791 409625670339 550 70818
1525319178 18195 31942943 307184108289 563 44953
1525319179 16582 31348905 389074944703 589 54446
1525319180 18121 32755866 377597870530 531 47749
1525319181 16997 31997939 406391639167 566 52774
1525319182 18677 31998979 316486298291 525 46340
1525319183 16550 32005621 458196551865 559 57826
1525319184 16244 31995460 471724933668 478 61698
1525319185 17420 32000857 348565286675 536 57052
1525319186 16698 32007786 419251005612 576 58330
1525319187 15165 31997433 809950926239 448 123631
1525319188 16913 31998554 418493891266 590 59059
1525319189 16079 32001748 460649709954 563 62795
1525319190 17421 31998743 284948402641 657 43794
1525319191 16532 30681365 337313796637 556 57605
1525319192 16790 33258172 442949260406 488 70453
1525319193 16153 32058814 479211539856 559 55842
1525319194 16263 31997825 454086535689 599 58796
1525319195 15980 31924901 442176730507 602 58700
1525319196 16586 32077457 406687854333 580 58209
1525319197 17264 31980174 395719091282 511 51652
1525319198 16326 32017113 378916940473 651 55783
1525319199 17636 31968011 366310899167 659 55448
1525319200 16425 32038796 502241843572 530 68547
1525319201 16840 31996175 418001226415 520 58264
1525319202 16672 32000529 379876096409 640 54326
1525319203 17208 31995198 316091424868 649 49543
1525319204 17987 32010080 341610642636 602 53272
1525319205 17142 31990423 365429354137 548 54585
1525319206 16946 31996460 368071315450 588 54857
1525319207 16864 30769136 282534662822 663 50055
1525319208 17706 32953873 350399991123 629 54861
1525319209 10524 19626384 221516938080 501 48314
1525319210 0 0 0 0 0
1525319211 0 0 0 0 0
1525319212 0 0 0 0 0
