1525484050 5034 9392351 35483595161 766 36078
1525484051 20427 32004027 55950095403 712 9571
1525484052 21080 31993084 54485077500 644 9246
1525484053 20776 32000885 56481988647 751 8871
1525484054 18127 29197989 154666458941 707 64875
1525484055 38 7361910 1450163088540 140845 226994
1525484056 26 46440529 82950874690959 1785941 1786369
1525484057 134 35819012 23788769634064 193008 1771622
1525484058 121 37847404 14170786621150 193575 534367
1525484059 11234 35332797 2400069887085 815 201597
1525484060 20942 32003279 56220465039 784 9153
1525484061 21540 31996774 52984246832 709 8728
1525484062 21746 32004469 50758257559 677 8176
1525484063 20618 31998205 56037361931 723 8635
1525484064 1003 19245004 3918834630000 907 269663
1525484065 63 43230897 29665362405151 683834 688443
1525484066 33 32291095 32452281762183 517070 1671524
1525484067 33 19206349 11416431067361 114266 600604
1525484068 0 0 0 0 0
1525484069 32 74583759 173835537677341 2329225 2331028
1525484070 32 35206016 38748445183054 978809 1104419
1525484071 0 0 0 0 0
1525484072 0 0 0 0 0
1525484073 31 77317855 192889479389585 2276069 2501781
1525484074 64 48811683 45305275296235 583959 3357042
1525484075 33 17966929 9783762771767 542917 584129
1525484076 64 27918534 13902964844560 268143 725598
1525484077 63 45377476 32694598107966 707296 733545
1525484078 32 36142784 41006359942992 706740 1143300
1525484079 64 30786864 19286808489900 221950 1184682
1525484080 0 0 0 0 0
1525484081 0 0 0 0 0
1525484082 32 84228647 221875649345951 2222033 2645852
1525484083 2942 47681648 24259661037248 767 1026004
1525484084 21182 32003654 54185711056 770 9275
1525484085 21390 31998491 51359577071 650 9488
1525484086 21683 32008999 51929386747 718 8705
1525484087 21206 31985332 54221403622 708 8992
1525484088 20999 32010943 56409820355 619 8850
1525484089 20741 32000843 56088318605 630 9169
1525484090 21416 31981037 52287824063 690 8364
1525484091 21382 32010430 56306789274 812 8986
1525484092 21647 32007358 53149152890 779 9078
1525484093 21821 31995934 52589579216 675 9076
1525484094 22335 32003315 47813699683 737 5243
1525484095 22054 31998885 48548317773 639 4785
1525484096 21600 31999048 53234337532 706 8870
1525484097 21028 31999386 52216039268 691 9078
1525484098 22529 32003343 47478018143 750 4883
1525484099 21545 31993426 52332774680 711 9133
1525484100 20879 32006929 56589969223 632 9398
1525484101 21464 31996512 52442693076 789 8729
1525484102 21603 31999860 52067992986 748 8786
1525484103 21270 32003009 54307291755 681 8897
1525484104 21097 31994639 54514626441 766 9011
1525484105 22102 32003486 49683994282 633 8435
1525484106 21593 32003914 50876244192 794 9167
1525484107 22349 31999791 49098673237 686 8227
1525484108 22028 31994240 49924713662 653 8449
1525484109 21526 32003897 53575756993 789 9073
1525484110 21599 32002506 54485308118 721 8829
1525484111 22325 32001022 49398265798 705 8414
1525484112 22416 31997418 50318768324 757 8449
1525484113 21713 31989482 52924772006 730 8545
1525484114 21829 32010924 49133755970 773 5746
1525484115 22592 32005595 48744977537 752 8429
1525484116 21859 31990150 51454794980 759 9103
1525484117 21173 32006210 50949317128 741 6157
1525484118 16425 31993271 658470147985 778 117524
1525484119 21206 32002419 53019883895 785 8959
1525484120 20822 32004116 52833539082 836 8730
1525484121 21357 31992931 54062569237 743 9337
1525484122 22183 32002756 50787584640 716 9067
1525484123 21702 31999746 51827393490 654 8762
1525484124 21428 32001966 52766504656 802 9821
1525484125 22325 32000184 49345931498 738 9082
1525484126 21546 31993915 53530442749 749 9004
1525484127 20876 32004825 55184244061 777 8991
1525484128 21892 31996537 49009945009 703 6177
1525484129 21867 32002342 52695175402 773 8864
1525484130 21889 32001153 51526884037 714 8468
1525484131 20761 31993138 56833973386 798 9248
1525484132 19461 32001048 55263316604 873 5755
1525484133 21389 31999585 55223131407 713 8452
1525484134 20665 32005570 53309750876 812 9060
1525484135 21712 32002242 51030387990 752 8655
1525484136 21767 31995967 49605222119 765 5765
1525484137 22373 32005282 48212568026 670 5200
1525484138 21838 31995376 51858414242 695 8697
1525484139 21338 31995247 53138331567 718 8640
1525484140 22043 32008467 50174952459 683 8761
1525484141 22060 31998321 52262917075 622 8847
1525484142 22317 32004919 49508677387 680 8619
1525484143 22319 31994918 49703868584 748 8424
1525484144 21655 31993823 52565378015 721 9030
1525484145 22252 32006700 49687122950 675 8427
1525484146 22267 31999466 49670695678 671 8506
1525484147 21075 31994239 56481831381 690 10047
1525484148 21998 31999276 50553413962 760 10674
1525484149 21749 32007205 53360323293 720 9011
1525484150 21659 32004692 51275375658 742 9016
1525484151 22148 31995773 49046063717 761 5535
1525484152 22077 31994979 49274554427 722 5800
1525484153 17730 31998264 670038801886 721 132697
1525484154 21945 32008758 50840578150 685 9128
1525484155 20537 31992514 55202347410 755 8724
1525484156 21211 31997916 52409986954 698 8240
1525484157 21223 32003573 53539174541 638 8535
1525484158 19970 32004515 55840171531 745 8647
1525484159 21775 31998862 53638215522 657 9331
1525484160 22436 31999786 48684059296 645 5750
1525484161 21650 31804521 52000990597 718 8875
1525484162 22448 32192082 50040182316 711 10505
1525484163 21870 32001161 49487337001 710 5935
1525484164 21687 32000583 51015769309 787 8896
1525484165 21006 31992237 52547154185 666 8297
1525484166 21755 32015142 51348725346 592 7892
1525484167 22280 31997691 50150659051 671 10314
1525484168 21603 31997162 53887198984 741 9412
1525484169 21712 31999407 53781442613 639 9508
1525484170 22341 31998775 48928688989 734 5333
1525484171 22406 31996506 48887050958 729 5869
1525484172 22348 32004155 49216082725 707 5449
1525484173 22308 31997441 50426468617 645 8372
1525484174 22798 32002789 48653573561 690 5820
1525484175 22226 31997124 50987734468 648 9523
1525484176 19972 31998988 54983727822 829 5828
1525484177 20936 32001071 53758782381 766 11420
1525484178 22700 32005146 49094329486 536 5769
1525484179 22608 31998193 50024787697 704 10103
1525484180 22084 31989812 53474380774 653 9351
1525484181 22498 32001063 49336548741 537 6265
1525484182 22452 32007654 49225787394 662 5738
1525484183 22235 32001728 52203517424 717 9384
1525484184 22796 31999958 49411975020 682 8308
1525484185 22182 31996097 51791675455 639 8579
1525484186 22267 31996827 51313793503 714 8748
1525484187 22163 32008685 51503144719 699 10249
1525484188 19045 31995500 344262551578 621 87946
1525484189 22677 31998561 48000311589 731 5685
1525484190 23007 31995782 48031060366 683 5509
1525484191 22494 32006969 50497081139 695 8170
1525484192 21334 32001267 55115971689 695 8817
1525484193 22005 32005562 51814726052 637 9693
1525484194 21486 31985252 53626141860 692 8829
1525484195 20939 32002594 54150649712 699 9948
1525484196 20646 31995889 54852673995 662 9749
1525484197 22234 32008873 51246190783 652 8483
1525484198 21818 32000530 51766764156 660 8697
1525484199 22141 31994699 52496962135 652 8635
1525484200 22449 32007389 50327607743 623 5912
1525484201 22543 32001633 51252812493 702 9121
1525484202 21502 31993711 53171305929 684 10697
1525484203 22420 32003779 51342065773 641 9628
1525484204 22248 32006204 52054187170 659 8506
1525484205 20476 31985703 56509057729 749 9306
1525484206 21422 32016575 52426357347 732 9698
1525484207 22344 31990042 51692240852 698 9999
1525484208 21269 31998603 52743275899 699 8681
1525484209 21876 32002007 52826850673 641 10871
1525484210 21666 32003170 52127215978 725 10434
1525484211 21307 31994943 54827571003 594 8795
1525484212 21214 31999264 55583121282 594 9751
1525484213 22005 31996425 52477023337 561 9144
1525484214 21479 32010383 54678959193 623 9787
1525484215 22259 31995318 52305388228 614 9430
1525484216 22813 31998735 50255163811 615 5900
1525484217 22172 31983704 53693823194 629 10116
1525484218 20995 32021916 55924006494 670 8724
1525484219 22358 31993603 51261370391 683 6344
1525484220 22099 32001904 54806600320 605 12809
1525484221 21156 32001909 56163447251 597 8931
1525484222 22306 31992571 52964361203 669 11439
1525484223 17569 31995059 345128679253 679 84522
1525484224 21293 32004465 72785848753 643 25499
1525484225 22400 32003085 51877248259 654 8457
1525484226 22242 31995219 51434300375 567 6452
1525484227 22202 31999657 52942712317 563 8367
1525484228 22073 32005701 53597433789 576 10355
1525484229 22222 32004753 53506227461 619 8474
1525484230 21688 31992063 55318506311 628 8923
1525484231 22280 32005025 53230799973 590 9501
1525484232 22026 31998157 53513133521 585 8949
1525484233 22248 31999184 51832418778 551 6217
1525484234 21412 32004065 52824942137 689 8604
1525484235 20151 31999930 55075069352 803 6124
1525484236 21735 31826262 52964149726 654 10445
1525484237 22395 32171736 51721232352 599 9214
1525484238 22666 31998656 49449154534 611 5851
1525484239 22696 31998720 49876388304 647 5654
1525484240 22401 32006844 50590063142 633 6038
1525484241 21918 31991832 55879879716 610 11256
1525484242 22164 32001235 51264280449 611 6408
1525484243 22639 32001475 51701685437 593 7891
1525484244 22923 32003030 49739183842 587 5482
1525484245 22982 31998556 49976133340 573 5955
1525484246 22703 31997420 51304721966 474 8940
1525484247 22992 32003963 50185327881 533 5666
1525484248 22529 32002867 52029826999 624 7634
1525484249 21641 32002160 57264694556 531 9016
1525484250 18965 31985492 818956303338 658 156866
1525484251 21569 32008125 61118736885 657 15077
1525484252 21862 32001122 52507991326 533 6121
1525484253 22362 31996515 52742652259 597 11822
1525484254 22467 32000091 51620830309 594 9035
1525484255 22640 32000632 51399185806 572 8466
1525484256 22112 32006618 53621077244 601 8148
1525484257 20895 31991924 55262234962 580 11157
1525484258 18321 32005739 657382750019 645 180534
1525484259 21810 31997656 54130606052 665 10130
1525484260 22187 31989746 52416975988 568 5888
1525484261 21606 31995872 54837616884 593 8342
1525484262 19143 32015637 59689361107 756 6130
1525484263 21133 31994730 53987073894 720 5767
1525484264 21233 32007604 54325997508 690 5972
1525484265 21239 31990779 54394227277 668 6170
1525484266 22558 32007071 50728215613 545 6669
1525484267 22855 32004076 51142149764 596 8493
1525484268 23177 31991217 49166847099 564 6429
1525484269 22671 32001967 51574572641 534 10150
1525484270 22240 31997101 50825647847 647 5838
1525484271 22111 32004251 50795748903 666 5907
1525484272 21378 32001706 53881632174 556 6509
1525484273 22188 31993454 52281564270 528 5892
1525484274 21826 32005562 54902872808 513 8650
1525484275 21968 31999044 53031501058 606 5855
1525484276 22404 31997278 52556932588 564 6040
1525484277 21260 32004783 57482608949 612 11005
1525484278 21684 31996466 55889184104 594 11195
1525484279 20685 31999641 54120502587 697 5487
1525484280 20296 32000716 56956308028 736 8455
1525484281 20156 32004353 58438402351 638 8832
1525484282 20471 31987418 57766105738 555 10122
1525484283 21936 32011948 52794415582 551 5846
1525484284 21495 31996651 55685614839 572 8716
1525484285 21549 31998091 54092116991 613 6951
1525484286 23379 32003667 50418292583 592 8342
1525484287 22747 32001034 52322116920 549 10493
1525484288 23109 32001282 50722205546 529 5915
1525484289 23346 31992831 51729771153 540 10144
1525484290 23292 31997842 51149654536 553 5754
1525484291 22546 32006256 51419333094 587 5844
1525484292 18074 31994116 1627386913822 610 224335
1525484293 19039 32007905 519226017387 577 110357
1525484294 19474 31999746 688767045304 541 142587
1525484295 22073 32001298 54283589506 580 9241
1525484296 21564 31999338 53773555620 624 6097
1525484297 22927 32004665 50701557217 570 5721
1525484298 22425 31992440 52011446192 584 5760
1525484299 22646 31997954 53499396986 604 10154
1525484300 23045 31994262 50311359234 534 5904
1525484301 22179 32007381 53628085431 634 10406
1525484302 21486 32006405 53293324461 622 19492
1525484303 22417 31996552 51829510570 635 8678
1525484304 16809 32003880 1975466822362 679 248381
1525484305 21230 31993523 56776155129 627 10109
1525484306 20612 31998669 59160678099 599 10017
1525484307 22158 32000500 53626643676 586 10798
1525484308 18290 31999104 856814203632 609 161216
1525484309 18681 31994384 771496685360 664 151561
1525484310 22513 32009644 52562052882 522 5691
1525484311 22561 31998723 51684094675 555 6292
1525484312 18318 31998136 1037164094294 664 178720
1525484313 21811 31990841 54879921005 619 9854
1525484314 22195 32010088 55150907902 589 10578
1525484315 22207 32000184 56220008192 578 11043
1525484316 22854 31997275 50924295985 563 6158
1525484317 21876 31999130 53868983348 604 6381
1525484318 22264 32005505 54296952141 592 9667
1525484319 22293 31989853 55078078151 497 10862
1525484320 22295 32003050 56464315560 537 10400
1525484321 22495 32007087 53426976265 564 10457
1525484322 22168 31992507 53614157771 603 8237
1525484323 21507 32001962 55990294002 593 8402
1525484324 21674 31990964 56236020832 593 8953
1525484325 21917 32010989 54165546523 540 9831
1525484326 22240 32007021 54184487941 634 10510
1525484327 22862 31996772 50021455242 596 5819
1525484328 18810 31997411 509460199523 669 112381
1525484329 22184 31998726 52242618852 601 8648
1525484330 22779 31994333 50319416379 613 5857
1525484331 21911 31994794 53052597598 567 7112
1525484332 22144 32013513 52782942897 577 6721
1525484333 21519 31998566 54518971566 590 5988
1525484334 22497 31963945 53215406151 537 5912
1525484335 22457 32036530 53836873304 584 6628
1525484336 21734 31996233 56608797025 510 9392
1525484337 21473 32001377 55354681509 590 6180
1525484338 21705 32004824 55109318924 597 9198
1525484339 10373 15581901 28202766691 398 11374
1525484340 9927 48419269 35270883636283 345 1051185
1525484341 21755 32003597 54888647119 517 6850
1525484342 21803 31988778 55886936998 500 9239
1525484343 21492 32007279 56383090827 589 9968
1525484344 21659 31998406 54348961914 604 6300
1525484345 21719 31999613 56421503411 606 8733
1525484346 22231 31996272 53508232762 602 10178
1525484347 22321 32002481 53675262599 492 9897
1525484348 22013 32001313 53116013359 533 6316
1525484349 22155 31998577 53126826773 615 9704
1525484350 22139 32000408 54616589802 620 10990
1525484351 22200 31998347 54190279359 598 9483
1525484352 21856 31998240 55967189574 592 12146
1525484353 21826 32001998 54887211792 490 9889
1525484354 21777 31999771 54114638261 556 6730
1525484355 21795 31970977 54011760511 645 6787
1525484356 22195 32029357 52324695039 627 6719
1525484357 22129 32003183 53544945353 557 7106
1525484358 21040 32000420 59593997154 663 9882
1525484359 21630 31995359 55223861081 578 7679
1525484360 21382 32003605 56003604273 486 7410
1525484361 22524 32000040 51192017604 612 6016
1525484362 22197 31994235 53713815749 622 7888
1525484363 18711 31144974 343468429044 641 92653
1525484364 19208 32854042 180505266900 554 55241
1525484365 22043 32007147 53657517331 585 8630
1525484366 21708 32000403 57398614823 627 9164
1525484367 21739 31978510 54958865350 567 6035
1525484368 21923 32017875 55658830915 520 10339
1525484369 21894 31998418 55361693296 489 9164
1525484370 22037 32004273 53836180797 451 6182
1525484371 22114 31998261 54434818595 556 8051
1525484372 15670 31997051 493650406863 606 58620
1525484373 17551 31987352 364077725844 510 55733
1525484374 15723 32020027 461330596441 604 60660
1525484375 17017 30863240 328875518064 539 45171
1525484376 18066 32588262 329539488710 567 50233
1525484377 16824 32547114 422145032424 425 61680
1525484378 16311 31388291 406356337025 527 56381
1525484379 15182 32604575 596639096555 622 67167
1525484380 16035 31991996 526355740792 593 69572
1525484381 15689 32014729 512510132565 563 64805
1525484382 15900 31992998 533174021470 613 64583
1525484383 15281 32003552 589847173070 531 68911
1525484384 16211 31989803 453084734329 537 69076
1525484385 15094 30582160 477246855946 553 57090
1525484386 15630 33436264 621607758260 485 62123
1525484387 15710 31992428 482616624642 473 61179
1525484388 15302 31996816 640756027922 534 79938
1525484389 15883 31999691 585660362517 519 70865
1525484390 15219 32000374 586300138082 518 66943
1525484391 16185 32006241 508671972613 502 64061
1525484392 16710 31308403 342971442321 593 58362
1525484393 16104 32689720 543493392040 566 62960
1525484394 16120 31992567 491820046797 532 60570
1525484395 16003 32009827 511582504815 588 65230
1525484396 16130 32000820 466059043036 559 60427
1525484397 15842 30901116 447381079864 547 54830
1525484398 15522 30321746 468758942334 555 56783
1525484399 13642 34768143 1556315356527 563 189844
1525484400 15575 32008248 475364592368 533 64658
1525484401 16284 31994648 430825979734 538 56053
1525484402 16471 31497606 389485588126 464 53394
1525484403 15776 31989028 469874680036 498 60147
1525484404 15662 31322102 463905437854 558 63544
1525484405 15819 33198750 522988057750 560 57585
1525484406 16119 32003064 413620848820 478 56940
1525484407 15499 32003985 579580080969 451 75741
1525484408 16150 31984576 405113810870 507 58169
1525484409 16664 32003664 360882370492 599 54234
1525484410 16938 31972572 354240894774 445 54703
1525484411 16049 31103592 420251764818 492 58300
1525484412 16163 32915688 513724404032 519 58498
1525484413 16307 31992781 458653834745 569 58538
1525484414 15885 32009179 462115830117 457 58906
1525484415 16184 31935222 403671341542 570 54597
1525484416 15943 32065738 416072189080 503 61531
1525484417 16427 32008735 404229592387 499 52939
1525484418 16611 31989681 416258932943 615 53043
1525484419 16185 31995546 405764425510 584 53902
1525484420 16132 32001915 435391867405 514 62816
1525484421 15418 32011896 503677167594 606 59984
1525484422 15563 31994245 492746586523 599 60798
1525484423 15807 31994389 472398171717 470 60266
1525484424 14931 31302458 481635779828 573 79867
1525484425 14570 32704669 560907724287 502 72362
1525484426 16117 32003403 425228357871 575 52285
1525484427 15392 31999529 451378524855 467 63819
1525484428 16156 31992373 418117087839 495 53669
1525484429 15804 30656708 330532444526 558 53977
1525484430 16219 32232101 446563870733 397 62280
1525484431 16137 31607469 423458656975 529 60235
1525484432 16428 32821793 465998904821 555 63193
1525484433 16794 32537276 352922962158 635 43864
1525484434 15261 32148625 483666641923 564 76174
1525484435 16963 32000874 356969026282 448 52358
1525484436 16355 31996362 378715236474 414 52337
1525484437 17001 31928475 410770133749 497 57396
1525484438 16415 31907871 396433721485 537 52640
1525484439 16009 32164375 483675099597 603 65195
1525484440 16638 32000623 473916158969 587 81153
1525484441 17365 32002678 369790342028 487 49158
1525484442 18417 31990528 288545088612 560 47308
1525484443 16634 31992004 411527547318 649 56509
1525484444 17154 30943001 360093093077 591 54554
1525484445 16691 32162791 468824796851 594 61060
1525484446 16460 32281190 463071636530 615 60014
1525484447 16752 32560009 455532541031 556 64312
1525484448 16678 32075620 431607943356 555 59359
1525484449 16983 30868865 385083723289 608 59666
1525484450 16864 31748158 376192754188 365 52931
1525484451 16784 33369064 503257718260 577 67147
1525484452 16405 32017953 436144835951 588 63199
1525484453 16870 31984325 428621844915 591 64114
1525484454 16702 31991021 426389255661 583 58642
1525484455 16776 32018236 398655142572 544 64275
1525484456 17152 31999957 382410163203 570 51620
1525484457 16343 31999488 425886944946 538 54260
1525484458 17672 32000261 309843789527 608 47466
1525484459 17802 31997591 317106554575 544 64563
1525484460 16314 31997381 467691962203 603 60187
1525484461 15543 31998121 484633932451 554 60466
1525484462 16065 32002966 500182859836 569 66261
1525484463 16508 32002734 404400097978 450 63820
1525484464 15565 31994681 456314279735 627 54729
1525484465 18234 32004066 289038206578 513 48700
1525484466 16231 32000827 410179787551 538 55141
1525484467 16110 31998834 519976886992 518 61829
1525484468 16255 31436620 440543909142 540 63204
1525484469 15214 32563731 563208100741 489 58454
1525484470 16107 32001393 478435956869 579 63968
1525484471 17473 31982345 301869391985 704 45322
1525484472 16335 32025138 407774451884 447 62910
1525484473 15684 31995703 508420854369 652 64928
1525484474 16259 31974304 442374252420 526 54978
1525484475 16955 32015577 426758323361 560 64265
1525484476 16409 32011982 458330238124 614 59805
1525484477 14982 30562372 472432321364 562 63841
1525484478 16113 33421576 571099796310 546 68830
1525484479 16987 32008170 337356374542 476 55669
1525484480 16648 32004153 420225457769 555 57979
1525484481 3108 4699560 8104155202 653 5720
1525484482 0 0 0 0 0
1525484483 0 0 0 0 0
1525484484 0 0 0 0 0
