1525248762 14758 49044450 267977921536 1896 63733
1525248763 20605 64003678 210433325188 2267 12450
1525248764 20813 63994360 203850416628 2266 6857
1525248765 20860 64022537 205415572149 2220 11513
1525248766 20862 63973524 203110639946 2292 6935
1525248767 20713 64042007 205250194761 1894 8359
1525248768 21066 63879810 205285659088 2211 10592
1525248769 20845 64082507 212552647439 2139 11472
1525248770 21230 64009125 206048848801 2034 11696
1525248771 21306 63991459 203324357541 1962 11475
1525248772 20910 64019677 205041673151 2167 12093
1525248773 21657 63976063 195540222291 2152 6716
1525248774 20488 63999459 210847900837 2157 12432
1525248775 20997 64009612 206527020516 2055 11820
1525248776 20685 63996438 206979246334 2039 11199
1525248777 20654 63649850 203429996856 2114 7025
1525248778 21580 64371897 205541197125 1985 11564
1525248779 21626 63983824 202049289654 2055 11885
1525248780 21623 64002300 198582800112 2146 11057
1525248781 21905 63993215 195288669743 2093 11685
1525248782 21762 63996443 194772959113 2112 7207
1525248783 20799 64015146 203671395192 2319 6476
1525248784 21239 63976130 202671887126 2197 10980
1525248785 21347 64016762 203139064162 2101 12146
1525248786 21428 64007998 199752755908 1936 10811
1525248787 21613 63988991 198196338737 1890 10879
1525248788 21348 64001631 200235347093 2175 10526
1525248789 21065 63992901 203350566619 1820 11156
1525248790 21405 64001521 201870739601 2115 11845
1525248791 21300 64017279 202905734657 2229 11344
1525248792 19395 63973785 422291291443 2032 51517
1525248793 21445 64006702 197624004096 1929 6752
1525248794 22252 64011393 192925476341 2015 10990
1525248795 21615 63953838 200266470494 2020 11377
1525248796 20825 64045109 205957814867 2127 10835
1525248797 20051 63992277 352430313065 1197 55678
1525248798 20915 64002908 205052825482 2126 10970
1525248799 20898 64004312 205011142148 2314 11029
1525248800 20495 63986649 208582059609 2249 11344
1525248801 21867 63996608 200234118376 2048 10674
1525248802 15802 64034916 360039057070 2154 21640
1525248803 20956 63960081 206446233561 2199 11424
1525248804 21037 64013798 201733742688 2043 10414
1525248805 20954 63992397 202449882261 2302 7135
1525248806 20937 64020647 202805454235 2161 10502
1525248807 15320 63981045 391557599321 2265 23215
1525248808 21278 63994530 204039635546 2210 11529
1525248809 22022 64026956 192711548388 2102 6943
1525248810 21705 63985587 197651999497 2180 11894
1525248811 21407 63987085 198217625291 2117 8929
1525248812 19424 63578831 235723175653 1843 19484
1525248813 18482 64447400 279785698296 1459 17503
1525248814 21945 63993676 195674139970 1995 11652
1525248815 21098 63985154 201327879778 2138 7544
1525248816 20943 64019898 204636679124 2085 11925
1525248817 21936 63985398 195264417228 2145 10817
1525248818 16211 63993614 367115649714 1099 29350
1525248819 16068 62946972 616053317848 962 35205
1525248820 16246 65072419 630086646937 932 33863
1525248821 16219 63021029 584335411681 1163 35232
1525248822 16214 64977561 657074856647 1985 36906
1525248823 14594 62690462 640901166454 1993 34408
1525248824 16013 65296199 673442971679 1877 32873
1525248825 16379 64016200 608953468458 1301 32782
1525248826 16075 63994363 635062104999 1139 31608
1525248827 16338 63990614 622840052640 1974 33300
1525248828 13619 63614372 778891969450 988 51778
1525248829 16032 64388675 598617669873 2137 33881
1525248830 15769 64017332 669631242244 747 33237
1525248831 16436 63991559 590475687043 1348 33406
1525248832 15427 62820818 651903134738 740 34280
1525248833 15781 63413161 646588791143 950 34338
1525248834 15669 65648317 742886956527 692 33784
1525248835 15505 64122312 692217552946 812 35591
1525248836 15493 63987276 691134879074 870 32999
1525248837 15517 64030869 710414864565 617 34919
1525248838 15203 63971984 713812829052 733 33852
1525248839 15180 64007850 654397857300 685 31759
1525248840 15405 63978832 668714356156 919 31760
1525248841 15444 64018677 692335802185 758 33830
1525248842 15401 63992795 674098300089 773 32598
1525248843 15104 64009649 757391943269 1020 36989
1525248844 15345 63996582 700347945068 589 33540
1525248845 15447 63997123 695095641153 884 32219
1525248846 15281 63971674 707352201442 677 33492
1525248847 15039 62591970 656351187964 686 35892
1525248848 15568 65421379 710392230139 631 32225
1525248849 15529 63997582 683556640500 702 33283
1525248850 15379 63075705 672442806881 701 33283
1525248851 15241 64952668 743349208120 803 31898
1525248852 15688 64002425 683216875715 615 32557
1525248853 15299 63938035 686640696495 954 32390
1525248854 15108 64052925 714375741699 885 35489
1525248855 15045 63965632 705935270132 670 36050
1525248856 15260 63431864 671113325626 602 32238
1525248857 10058 42910298 486088949242 994 31849
