1525245893 0 0 0 0 0
1525245894 14969 49537745 287873213835 1109 66688
1525245895 21294 64004439 209197893893 1684 12858
1525245896 21756 63999580 202966890168 1376 12473
1525245897 21168 63979039 209815692011 1858 12363
1525245898 21016 64014661 206984940327 2011 13043
1525245899 21290 63982247 205804705503 1842 11092
1525245900 21085 63997471 206752849663 1486 21868
1525245901 21162 64015126 208407267670 1684 12586
1525245902 21370 63999852 203337584582 1503 11220
1525245903 22081 63989581 197991812277 1832 11216
1525245904 22125 64024115 195440769629 1601 11287
1525245905 21393 63967157 202987066483 2016 11358
1525245906 21667 64019142 200897808038 1978 11614
1525245907 21964 64004707 193921907805 1864 8300
1525245908 20941 63992017 214733195397 1672 11208
1525245909 21816 64006967 201016379865 1848 10744
1525245910 21231 63987895 208641767177 1940 10717
1525245911 20943 63996850 205603139956 2009 11191
1525245912 21380 64014887 201265490583 1253 8597
1525245913 21852 64003296 199262350488 1909 10270
1525245914 21476 63992308 202682082072 2005 14459
1525245915 21352 64003697 206327954301 1910 11942
1525245916 21545 63834734 202173657450 1916 13717
1525245917 21779 64179034 203548848516 1189 12396
1525245918 21519 63987852 200314882958 1977 10974
1525245919 21199 63999703 210144613185 1776 12432
1525245920 21583 63967781 201214728897 1854 11574
1525245921 22126 64023175 193059159573 1929 8994
1525245922 21655 63979451 198559694839 2075 10853
1525245923 19858 64035281 350541051929 2071 46671
1525245924 21347 63978404 203659572954 1786 11374
1525245925 21257 64020515 206661716979 1994 10925
1525245926 21718 63915406 200550338712 951 11347
1525245927 21628 64081920 203965309798 1971 11769
1525245928 19351 63998127 520523435599 1091 94981
1525245929 21362 64008385 207846974957 1782 11394
1525245930 22313 63982571 194070639993 1066 10830
1525245931 21742 64003666 201141547502 1889 11292
1525245932 21942 63996864 199127566290 1930 12979
1525245933 21884 64010656 202030963562 1771 12961
1525245934 21612 63990636 198662184876 1964 11111
1525245935 21527 64003878 200164072816 1670 8234
1525245936 21722 64004877 198094107657 1009 8021
1525245937 21293 64008488 201098599266 1985 8360
1525245938 22034 63986105 195524249999 1919 9623
1525245939 21109 63995971 202944291575 2045 8302
1525245940 21086 64019750 202564434412 1588 8915
1525245941 21591 63978044 198747392334 1913 8305
1525245942 22356 64001051 192415815855 1818 8597
1525245943 21315 64000239 201786974119 1908 8800
1525245944 21297 64019160 200998361272 2102 8338
1525245945 22751 63997246 189315138156 1877 10948
1525245946 21688 63982626 198802307730 1953 9314
1525245947 21458 64011054 199998387900 2056 8469
1525245948 21478 63983161 199870457599 1994 8724
1525245949 21462 64020672 200517247594 1869 9069
1525245950 21382 63997515 201077314867 1988 8434
1525245951 21824 64004310 198075421836 1797 10883
1525245952 21492 63983871 199800447825 1812 8271
