1525252899 0 0 0 0 0
1525252900 320 67839016 15431908140044 94125 405087
1525252901 444 70524801 12646194905733 54659 380712
1525252902 493 67135900 9443573043804 107718 312181
1525252903 638 62997405 6878204925765 58150 180508
1525252904 1370 65973743 6761416737785 2042 265021
1525252905 21312 64004152 207627520290 1386 11210
1525252906 21271 64000888 204482238410 1555 11183
1525252907 20731 63983452 209323047614 1655 11485
1525252908 20559 64005429 213587348747 1886 11609
1525252909 16704 61751058 717334040770 2065 70351
1525252910 7225 66266557 4279926689267 1997 185234
1525252911 21782 63997023 199948142525 1845 11846
1525252912 21065 63995628 209143489370 1940 12527
1525252913 21181 64015562 208260540884 1883 11734
1525252914 21514 63991424 204541287976 1636 12119
1525252915 10807 60322233 1940306758895 1102 110368
1525252916 615 65986051 7138889132981 83302 171635
1525252917 762 63738130 6184247371354 43907 213356
1525252918 2557 65949878 5446879682528 1815 264940
1525252919 20341 64012235 220425507033 1706 13558
1525252920 21404 63567084 203507043992 1936 11688
1525252921 21567 64417805 204843995873 2016 14506
1525252922 21407 64007763 204025320283 1832 12023
1525252923 15975 57366820 825742251678 1820 131544
1525252924 624 68212946 7528399307448 87893 225257
1525252925 520 60509100 7098350228140 108935 238623
1525252926 15713 69913259 3210190020083 1298 273910
1525252927 21453 63984450 203226435966 1647 11717
1525252928 21373 64009746 204059354784 1622 12575
1525252929 20963 64002695 207413605515 2031 12480
1525252930 20753 63997010 204978291576 1664 7398
1525252931 19994 63990365 372108215915 1933 53611
1525252932 21360 63998107 209045395655 1871 29558
1525252933 21659 64001089 198845873523 2018 12555
1525252934 21883 64016796 196785215514 1950 11254
1525252935 22254 63984499 191206399399 1817 7310
1525252936 21754 64023292 201269896304 1890 12024
1525252937 20923 63966040 212285968518 1999 12510
1525252938 21415 64010158 200874663810 2003 11342
1525252939 21397 64001195 198908110445 2061 7600
1525252940 21219 64009196 203044641388 2006 11188
1525252941 21227 63983508 207760082518 1805 12703
1525252942 21741 64015477 198635182037 1940 10859
1525252943 20900 63987050 212667682490 1983 11684
1525252944 21382 64003321 201631493781 2021 10846
1525252945 21216 64006463 200566007793 1125 9008
1525252946 21854 63999765 197273524989 1409 11239
1525252947 21702 63984909 196767582829 1943 8197
1525252948 20775 64015200 210188052400 2077 12212
1525252949 22151 64022121 194756565625 1931 11416
1525252950 21886 63967335 198792515275 1910 11500
1525252951 21652 64013391 203496665159 1729 13406
1525252952 21624 63996831 203553319425 2016 11937
1525252953 21564 63993727 204732756931 1163 12142
1525252954 21806 64001653 202701137183 1929 11031
1525252955 21811 63997064 199644280104 1912 11285
1525252956 21725 64014338 196278853496 1765 7885
1525252957 22095 63989561 195231202891 1846 17155
1525252958 21852 64010691 197803912979 1786 11106
1525252959 21691 63995813 201479017625 950 12663
1525252960 21011 63981330 205313674580 2049 11018
1525252961 21263 64013747 203153782069 1903 10962
1525252962 21726 63947723 200193927613 1909 11401
1525252963 21773 64062234 198103393056 1754 10911
1525252964 22055 63997275 199757007597 1818 13226
1525252965 22142 63993725 194464776057 1821 10863
1525252966 19395 63998216 574259264870 1929 107555
1525252967 22146 64014259 195234738069 1930 11092
1525252968 21885 63992756 199428416880 1913 11949
1525252969 22050 64002073 198018055323 1935 11206
1525252970 21630 63981150 199329095270 1916 10561
1525252971 20265 64008055 212649021695 2184 11291
1525252972 21964 64005033 196817700747 2037 11378
1525252973 21474 63994230 200154761602 1302 10703
1525252974 21960 63992810 194424538902 1913 7918
1525252975 21350 64016009 204134456643 963 11018
1525252976 22114 63997883 195191534723 1869 12016
1525252977 21319 64007628 204191794402 1969 11144
1525252978 21994 63986926 195668781298 1968 10462
1525252979 21529 64019976 207529996430 910 18988
1525252980 22146 63991921 197235105721 1897 10424
1525252981 21905 64010390 197233394488 1023 11360
1525252982 22003 63996251 196229471743 1963 11028
1525252983 21895 63989504 199341483806 1923 12295
1525252984 22369 63998546 192944139028 1996 12172
1525252985 22151 64020296 194901788872 1971 11267
1525252986 21178 63973520 205684769896 2009 11269
1525252987 21203 64004601 206099746461 1606 11775
1525252988 21812 63989015 200225875907 1996 10948
1525252989 21535 64000896 202945154864 2042 12043
1525252990 22557 64016546 191421508678 1903 11136
1525252991 21768 63977386 196177608772 1986 8597
1525252992 20807 64019763 209086390249 2036 11460
1525252993 21931 63989184 200907964808 1969 12043
1525252994 21433 64004634 202171868660 1886 11701
1525252995 22815 63990408 187382995026 1658 7547
1525252996 21527 64010971 202436352149 1977 11752
1525252997 21851 63996861 199530962205 1979 10868
1525252998 21173 63998342 203484158386 1977 11867
1525252999 22190 63999250 194862112210 1324 11229
1525253000 22036 64002858 198346512570 1894 11680
1525253001 19746 64005542 590751759384 1999 86072
1525253002 22276 63996745 191563948519 1966 10042
1525253003 22343 63994910 195334621228 1867 10751
1525253004 22672 63999848 188261878240 1737 7605
1525253005 22356 63870253 192742662267 1844 11773
1525253006 21826 64141703 202208309253 2000 12540
1525253007 22137 64000993 198443060973 1971 10579
1525253008 22004 63983466 195802818224 915 10781
1525253009 21996 64028535 198472706485 1960 11142
1525253010 22068 63988351 197343796603 1990 11290
1525253011 22116 63993670 192554240888 1922 8419
1525253012 22171 64017878 194576389590 1973 10022
1525253013 21760 63983061 202245584383 2023 11208
1525253014 21701 64017628 198570105462 2075 11421
1525253015 22287 63979918 190865690840 2053 7748
1525253016 21831 64006047 201675980853 1837 11665
1525253017 22316 63995148 193782159986 1303 12766
1525253018 22317 64012386 191238519534 1856 8149
1525253019 22581 63992882 190994762578 1923 10288
1525253020 22464 63996101 191920960543 1324 11094
1525253021 21465 64001890 207024173238 1957 11129
1525253022 21880 64009427 199336420419 2043 11415
1525253023 21683 63990197 203007550413 2021 11502
1525253024 21870 63984694 199075010330 1913 13109
1525253025 22329 64022548 191746988332 1976 7589
1525253026 22110 63997334 195842910466 1959 11627
1525253027 21650 64001752 206090325978 1942 13131
1525253028 20942 63967136 203550908352 2018 7753
1525253029 20801 64026294 205429223168 2105 8502
1525253030 22193 64007008 197474672730 1897 11022
1525253031 22360 63994040 193210779870 1901 11180
1525253032 22212 63992528 191775347720 1958 7854
1525253033 21146 64024840 204656436132 2057 13103
1525253034 22362 63975962 190893587744 1899 8351
1525253035 22060 64005796 196017667138 1854 11042
1525253036 19850 64003987 603918044757 1695 98651
1525253037 22257 63995456 196408342634 1632 13210
1525253038 21934 64018204 197047422338 1976 11331
1525253039 21801 63989276 197923730330 1810 10855
1525253040 21737 63988693 198102367837 1916 11371
1525253041 22228 64002285 193839550449 1883 9795
1525253042 21249 64004078 200779804908 1999 7941
1525253043 21550 63997236 202062385972 2015 11020
1525253044 21785 64003584 198947486990 1650 12839
1525253045 22092 63997915 195468177945 1956 11491
1525253046 22229 63990604 194461616834 1902 11311
1525253047 22489 64023592 190608459316 1967 8421
1525253048 22383 63984350 191402322614 1846 8239
1525253049 21687 64014501 202031499265 1821 12181
1525253050 21933 63984829 196597425015 2010 12213
1525253051 21973 63999460 194759366564 1972 9572
1525253052 22251 64006195 196016651807 1736 12302
1525253053 22661 63988519 188117325835 1897 7184
1525253054 21919 64000109 196987560019 1241 10820
1525253055 22248 64004255 192168030551 2024 7729
1525253056 22027 63995890 196138459660 2011 11427
1525253057 22041 64019008 198409729368 1948 11644
1525253058 21964 63980143 199008424247 1706 11305
1525253059 22697 64007787 188770200477 1852 7737
1525253060 21351 63991017 202614905373 2029 10820
1525253061 21896 64010462 201442517780 1868 11369
1525253062 21993 63988154 197338547832 1882 11560
1525253063 21768 64011838 198928156244 2041 11837
1525253064 21790 63998939 198756129519 1872 10185
1525253065 23041 64015664 185967196994 1925 9414
1525253066 22883 64001339 190154341851 1362 12349
1525253067 21553 63974177 203104171077 2022 11336
1525253068 21685 64005921 200058059999 1954 13345
1525253069 22266 64006611 193215611321 1946 9044
1525253070 22229 63984354 194394507000 1520 8761
1525253071 19708 64008573 530867674261 663 87279
1525253072 21382 63991625 200458216279 2147 8564
1525253073 21934 64018700 195970853740 1926 8416
1525253074 22550 63992700 190609450236 1918 8362
1525253075 22383 64000924 191691360160 1942 8181
1525253076 22422 64003183 191304538167 540 8653
1525253077 22154 64006912 193914093930 1988 8394
1525253078 22480 63995562 190578690464 1982 8179
1525253079 22105 64003853 193837807437 1950 8198
1525253080 21626 63962905 197465406953 1974 8326
1525253081 21610 64033562 199446225100 2079 8828
1525253082 21540 64003306 199157796914 2029 8295
1525253083 21875 63986056 198325521372 1910 11339
1525253084 21162 64026402 202518119954 1942 8350
1525253085 21824 63980370 198596399748 1991 11677
1525253086 22034 63981778 193646890862 1998 7670
1525253087 21850 64022610 201276006078 1915 11499
1525253088 20172 63978429 214068877461 2049 12256
1525253089 20206 63995590 211478276546 2192 8374
1525253090 20086 64013230 212683666460 2216 8402
1525253091 20369 64008121 213455879893 1805 13494
1525253092 22407 64004334 191679388596 1905 8635
1525253093 22254 63981541 195348067167 1609 11561
1525253094 21708 64000336 199288357906 1989 11131
1525253095 21646 64004282 198241161876 2030 8097
1525253096 21802 63986408 198712581406 1931 10322
1525253097 21434 64006438 207058349716 1289 15739
1525253098 21507 64005852 203196061026 2042 11308
1525253099 21638 64011028 201899822076 1967 11450
1525253100 21775 63991474 199294597784 1966 12793
1525253101 20203 63998404 343683398446 1931 58426
1525253102 21646 63994886 197858092036 1961 9119
1525253103 22054 64016446 194342780698 2011 8877
1525253104 21147 63989709 204579763129 2074 11412
1525253105 21703 64012367 200180638065 1028 11575
1525253106 21343 63996912 255484367872 1861 38121
1525253107 22293 63986291 195020747841 1784 10562
1525253108 21750 64005165 204960596283 1629 15262
1525253109 21645 64008985 198462989787 1954 8872
1525253110 21615 63995695 200409600583 1803 10926
1525253111 21986 63989732 195047050766 1169 8729
1525253112 21788 64013576 197147317138 2022 8406
1525253113 21805 64003339 196756336523 2059 8058
1525253114 21563 64001535 200951803933 1875 13496
1525253115 21617 63999902 203173124622 1978 12312
1525253116 21255 63985282 206369866890 1959 12573
1525253117 22136 64010023 196458139429 1801 12293
1525253118 22218 63988681 195413818891 1792 11917
1525253119 22026 64009404 196831990112 1952 11126
1525253120 21962 63987456 195539114078 1744 7960
1525253121 21962 64007156 195691615462 1923 8276
1525253122 21512 64016601 201219814041 1905 11824
1525253123 22096 63986303 196956358593 1874 12001
1525253124 22134 63990240 196216060706 1968 12149
1525253125 22187 64011934 193829780172 1967 8264
1525253126 21966 63993824 200011889192 1881 11671
1525253127 21908 64009906 196244428122 1982 8483
1525253128 21431 63979306 202219709740 2065 12529
1525253129 21398 63992824 204694185762 2038 12386
1525253130 21650 64013773 200526224945 2027 12860
1525253131 22143 64002132 195779406124 1947 11260
1525253132 22300 64021367 192876821061 864 8203
1525253133 22012 63974002 197187121150 1992 10940
1525253134 21505 64003899 205530316377 1532 10780
1525253135 21654 64011100 201685384366 1824 11056
1525253136 20425 63981779 369445885663 1927 61417
1525253137 21704 64007067 199539721457 1382 10252
1525253138 22293 64011731 193037472221 1857 8655
1525253139 22063 63989854 195975327856 1989 12135
1525253140 22117 64008562 194445114332 1904 7985
1525253141 21235 64000975 270589715573 1868 37894
1525253142 22213 63996312 195596920582 1958 11984
1525253143 21735 64020687 198870414353 2051 10937
1525253144 21558 63973914 205079700994 1911 12393
1525253145 20980 64019074 206410259326 1771 10444
1525253146 22129 63981264 196280256916 2006 11243
1525253147 21602 64007032 200534052246 1999 10618
1525253148 21339 63983975 200704828619 1897 8153
1525253149 21516 64036265 204068175601 1967 12723
1525253150 21936 63966610 199956215406 1937 11655
1525253151 22336 64005198 192197115220 1982 7607
1525253152 22400 64021516 193999708176 1364 10403
1525253153 22454 63964104 191409910136 1773 8222
1525253154 22378 64038425 194779348941 1903 11843
1525253155 21694 63984159 202660019431 1860 11478
1525253156 21337 64003274 202754872684 2035 13011
1525253157 22160 63996690 196123992672 1859 10420
1525253158 22024 63990820 197326586900 1929 11609
1525253159 21626 64018231 198445474365 840 8270
1525253160 21741 63986158 196627793294 1890 8192
1525253161 21657 64012494 200088873440 2019 11591
1525253162 20942 63984456 209307714770 2023 12238
1525253163 21743 64014033 199565919627 1787 11134
1525253164 21744 63982241 199471169553 770 11344
1525253165 22618 64011850 190401846796 1913 8560
1525253166 22032 64010271 197595741413 1984 11247
1525253167 21595 63982528 198679737442 2067 8669
1525253168 21858 64000019 196074005687 2037 8494
1525253169 21782 64006946 199345523314 1891 10352
1525253170 22208 64001107 195317506253 1871 12343
1525253171 20552 64000316 367964490896 2007 54813
1525253172 21850 64003233 199606444125 1831 11508
1525253173 22355 63995023 192114313951 1890 9127
1525253174 22273 63995014 193360172498 1772 8243
1525253175 3781 11176370 37279291754 321 13220
1525253176 14346 116839224 82540428465718 2006 1136993
1525253177 22312 63973884 194423868148 1986 11573
1525253178 22374 64015619 192228481251 1930 7852
1525253179 21730 63997572 202073806322 2010 13511
1525253180 21772 64005015 199997836303 2012 11514
1525253181 22657 63994912 190204108748 1904 8166
1525253182 22171 64013011 198643642455 1806 11124
1525253183 21895 63987601 196324518913 1988 8153
1525253184 21969 63984657 195698184997 1814 8195
1525253185 22056 64015653 195454884685 1849 8825
1525253186 22124 64009189 194767958839 1978 8327
1525253187 21417 63972898 200683440858 1308 8172
1525253188 21154 64017149 202978621801 2114 8308
1525253189 21935 63988915 196345907631 1976 8586
1525253190 22130 64004960 194732717264 1957 8355
1525253191 21575 64001991 199342236449 2038 8945
1525253192 21609 64008984 199635174946 1905 8403
1525253193 22213 64002833 194251052777 1917 8111
1525253194 21841 63984159 201186055835 1774 12335
1525253195 21067 64011024 208011344690 1974 11663
1525253196 21337 63979246 201481051776 2096 8078
1525253197 21356 64000612 201286429626 2024 9061
1525253198 22135 64018412 196363283464 1827 11345
1525253199 22130 64003143 200620462133 1422 11565
1525253200 21386 63996142 203319797572 1676 11405
1525253201 21796 63991764 199389884600 1913 13824
1525253202 21517 63973287 201962401973 1867 11528
1525253203 21524 64030948 202454244610 1972 11579
1525253204 22139 64001601 198565426765 2007 12448
1525253205 21979 64009217 197025063929 2058 11123
1525253206 20120 63994101 381223428557 1982 54497
1525253207 20937 63999167 362015844261 1241 43588
1525253208 17949 63986032 624754950934 1784 44800
1525253209 17903 64013126 645900721946 1240 46405
1525253210 17208 63991455 704502135545 1073 50600
1525253211 16955 63936688 896796883836 1969 77110
1525253212 17509 64074907 677791992909 926 46723
1525253213 18425 63270058 551016863850 1832 37682
1525253214 17938 63812432 595522841648 1942 38973
1525253215 18189 64901068 646231086164 1941 39442
1525253216 18121 62887676 569826043704 1984 40704
1525253217 17552 65119493 729063452095 1176 45954
1525253218 17403 63984847 666152487105 1802 52426
1525253219 17761 64010710 660007423214 1089 42855
1525253220 17653 63998122 663959948862 1244 42196
1525253221 18102 64019283 645600785457 1925 42745
1525253222 17592 62229171 594130859017 1857 47396
1525253223 18225 65643502 696753326512 1952 43334
1525253224 17992 64131817 614778950525 2006 40032
1525253225 17277 63986530 660396992098 881 45117
1525253226 17471 64000457 652695045381 2030 41571
1525253227 17902 64016953 625505385661 1323 44220
1525253228 17297 63839264 649457101912 1351 45256
1525253229 17417 64118268 690790180374 2020 43452
1525253230 18057 63869698 631824581864 1794 48803
1525253231 17862 64160856 659626137354 1901 47842
1525253232 17825 64016933 660955270599 1263 48228
1525253233 17150 61489145 596632848579 1901 45980
1525253234 18029 66486982 707378856766 917 43273
1525253235 17886 64006690 654199052892 1851 43067
1525253236 17554 64016650 696486430286 1960 42520
1525253237 18174 62994144 589907716708 924 42094
1525253238 17222 64992422 795916401806 1891 48881
1525253239 17331 62013943 616049131531 1757 47165
1525253240 18468 65982270 672517794638 1143 52573
1525253241 16224 63889529 1169775062289 1879 100352
1525253242 18138 64101677 605410368565 1589 99197
1525253243 17643 64005732 662809556874 1976 42966
1525253244 18087 63496685 581562570737 823 43462
1525253245 17582 64513185 757976489157 1950 47895
1525253246 16951 63984405 684999172623 1612 51529
1525253247 17205 64010043 758435060581 1678 46838
1525253248 18019 64000668 600834436792 1058 44483
1525253249 17301 63994039 711801481669 1951 43319
1525253250 17980 64005114 643808921084 1891 48085
1525253251 17252 63988579 714953797325 1390 45814
1525253252 18216 64007277 603274410431 1993 44325
1525253253 17108 63993641 760029632391 1780 52392
1525253254 18257 64008398 595688919820 1984 40214
1525253255 17853 63983191 599923159899 1985 41031
1525253256 18053 63010690 530070447258 2085 43235
1525253257 17808 64991367 703568171019 1898 47996
1525253258 17892 63760181 511683133153 2042 37741
1525253259 18210 64250506 618910394128 1744 39199
1525253260 18119 64011446 606856660560 555 41797
1525253261 18730 64000089 573011997157 1266 43856
1525253262 17905 63998570 588226632988 1522 37928
1525253263 18463 63993406 552535016818 1989 41123
1525253264 18967 64003750 507024209898 1561 37786
1525253265 17719 63996490 631812957688 2042 41852
1525253266 18522 64001262 563797949064 1966 43548
1525253267 18284 64015141 671692408733 775 46179
1525253268 18189 63375073 571942335243 1858 42717
1525253269 18218 64615913 596841805445 1389 42914
1525253270 18253 63999583 604500620841 932 45225
1525253271 18856 63998573 505609471439 1970 38830
1525253272 18394 63994969 519022812027 2103 34463
1525253273 18917 64003245 459411300977 1853 36680
1525253274 18093 64000424 604490243470 1961 40095
1525253275 18356 63997072 501494603202 1561 39661
1525253276 17725 63996321 540891492605 730 36313
1525253277 17546 64019663 557907884615 1923 42542
1525253278 18305 62435684 478559943766 1043 37675
1525253279 18488 65530268 547495319908 2023 37856
1525253280 18649 63686077 466995223117 1778 35279
1525253281 18330 64339897 556274727749 1968 39195
1525253282 18233 63990423 550624444865 2082 39187
1525253283 17832 64001920 601136730750 1974 40898
1525253284 18249 63985563 495760529917 703 37699
1525253285 17924 64015952 537654651414 1851 39313
1525253286 18157 63986908 560725338136 2095 40874
1525253287 18883 64015225 522155674839 1738 44775
1525253288 18392 63440743 553759225897 1922 43658
1525253289 18028 64564507 620055463919 1950 40274
1525253290 19108 63986354 478640646562 2032 37005
1525253291 18712 64006473 508119329809 1984 37064
1525253292 18709 63992043 496053782571 1350 38951
1525253293 17845 63544048 596083208726 839 46164
1525253294 18556 64443143 534120225725 2048 36673
1525253295 18683 63996019 543472386397 1593 41352
1525253296 18108 64022962 575029655288 2049 41062
1525253297 18936 63995631 473127481449 1917 35209
1525253298 18461 63674311 469215786617 1974 37177
1525253299 18048 64324107 550394325665 1980 36978
1525253300 19014 64010835 447965939711 2016 35308
1525253301 18437 63957984 546743451444 1984 38680
1525253302 18844 64044436 475098473272 940 37705
1525253303 18777 63994616 476482120940 1796 38265
1525253304 18460 63999625 509136770129 2061 35970
1525253305 19327 64014135 486647168911 1970 38635
1525253306 18608 63981573 492948187743 1570 36498
1525253307 18187 64009309 543039916969 1958 37395
1525253308 18954 64014428 502502107516 1275 39621
1525253309 18592 63974699 491774019811 2119 35734
1525253310 18623 62624905 486564944217 1975 37955
1525253311 17909 65380478 640042564428 1770 43650
1525253312 18473 63996197 529085574385 1571 46390
1525253313 18697 63985238 493886492078 2067 41773
1525253314 18877 64012020 512109268204 1639 38587
1525253315 18574 64010418 502228168398 726 35855
1525253316 18593 63993572 511992328720 2110 41258
1525253317 18016 63982468 699140119986 1988 68103
1525253318 18538 64009079 503876836133 1502 38679
1525253319 18716 64007478 526255188112 1099 40643
1525253320 18710 62658186 442804615178 2088 38742
1525253321 18188 65344976 605669897176 2071 41869
1525253322 19178 63987023 444561998353 1197 37738
1525253323 18719 63833809 504772431739 946 39316
1525253324 18161 64190385 475824107681 2004 36934
1525253325 19006 64000356 476515843344 2022 36879
1525253326 18725 63562000 475592203304 2085 40660
1525253327 18541 64314559 508278500611 1922 36679
1525253328 18849 64121331 479233905533 1145 37244
1525253329 18667 63992169 493494207119 1944 38278
1525253330 18683 63984018 469861851446 2005 37614
1525253331 18972 64007860 448909284758 1955 35731
1525253332 19235 63837201 432557146163 1967 35362
1525253333 18809 64161395 496057483437 1917 37808
1525253334 18651 64012821 440700676645 1862 34749
1525253335 19194 63990569 468250945519 2067 40836
1525253336 18844 63988958 471969880248 1918 36814
1525253337 18510 64018243 488185189709 1938 37143
1525253338 18624 64000862 498439490448 1978 39508
1525253339 18651 63993307 526381992121 1996 46956
1525253340 18952 63987772 446455935352 2128 36842
1525253341 18645 62628155 465533721465 2021 37135
1525253342 18804 65399169 478604471259 1921 33635
1525253343 18679 63980955 475347859219 1962 36184
1525253344 18639 64018625 450810287621 1924 34574
1525253345 19260 63973276 425013476788 1713 35362
1525253346 19144 64022476 443808566478 1865 35324
1525253347 18876 63991105 470307464167 1883 37490
1525253348 18786 64004130 535261218102 1995 44846
1525253349 19410 64001689 452162311379 2032 34818
1525253350 18650 63993015 517397288947 2028 38984
1525253351 18981 64000274 479264307978 1752 36878
1525253352 18991 64011266 451291436786 2097 36525
1525253353 18362 63983985 484247504267 2063 36405
1525253354 19206 64007346 440891696336 1989 34302
1525253355 19214 64000483 467180678495 2053 36485
1525253356 18667 63991862 441379515188 1990 35361
1525253357 18484 63984551 509587210767 1038 38743
1525253358 18251 64034867 486539711867 1283 38474
1525253359 18860 62221614 417968368422 1883 37253
1525253360 18743 65761399 514580435385 2136 39123
1525253361 19182 64016487 438869385221 2094 35575
1525253362 16351 63991536 580827708410 909 45513
1525253363 18685 62645149 405613616479 1767 35197
1525253364 19161 64921173 457313350783 2033 34219
1525253365 18672 64434598 463447457374 2189 35337
1525253366 18895 63991098 461499560934 2005 35198
1525253367 16121 64008088 669955401222 2056 52627
1525253368 19036 62833454 421324715688 2017 36065
1525253369 19188 65167329 463984206787 2077 35459
1525253370 18842 64005284 485545046386 1669 34595
1525253371 18757 63999889 458893369339 2008 34381
1525253372 18577 63990185 475591827135 2083 37350
1525253373 18317 63995589 482985125053 2075 36494
1525253374 19053 63095645 404938308161 2136 33879
1525253375 18666 64914147 528728633229 2065 43396
1525253376 18826 64003781 444048877571 1921 34182
1525253377 18789 63976938 452650517300 2024 35010
1525253378 18973 64012083 453454908507 842 33711
1525253379 18560 63990429 489978598907 1970 35260
1525253380 19116 64012020 443899432406 2071 41627
1525253381 18467 63992359 471377945311 2049 36085
1525253382 19049 64012319 449198303513 2074 34871
1525253383 18305 64001304 481333132836 2082 36080
1525253384 19217 63988708 447943861490 2173 38566
1525253385 19190 63987949 474719192595 1500 35055
1525253386 18722 64000057 492934292201 2075 37336
1525253387 18146 64018362 533612155598 1382 37804
1525253388 19303 63989871 443331993413 1998 37136
1525253389 18568 64013986 449220396964 2092 34576
1525253390 18601 63987435 476766941313 1877 35623
1525253391 18780 62870797 447933199397 2028 38166
1525253392 17646 65129401 523031760607 2095 40711
1525253393 18896 64004473 449945027133 2024 34671
1525253394 19088 63025416 404655111750 1901 35704
1525253395 19369 64979932 455547973368 2066 33353
1525253396 18464 63975545 469742515803 1852 38291
1525253397 15761 63801133 536734931489 2102 46128
1525253398 17359 64223222 501404398338 1889 44585
1525253399 18649 64007730 486595299154 1919 35769
1525253400 19106 63196097 420141665717 2075 38321
1525253401 18731 64789920 530882192804 1924 39418
1525253402 18710 64009528 543124387808 2144 43247
1525253403 16173 63964253 609981923783 1240 41204
1525253404 18553 64030635 513236762847 967 42390
1525253405 18210 64001726 569767633282 2124 43813
1525253406 18860 62828880 477646686966 1863 40829
1525253407 18695 65173845 558800739081 1611 42942
1525253408 18358 64008411 534938591737 1196 39423
1525253409 18556 63977112 457230417242 2064 38188
1525253410 18496 64002380 541890760786 2018 38640
1525253411 18642 63998364 485062823070 1971 39858
1525253412 18515 63994278 499742108450 2098 41164
1525253413 16838 64002603 517187666789 1741 43048
1525253414 19393 64010793 435586214677 1363 37508
1525253415 18553 64006867 517660243319 1376 38385
1525253416 18613 62716661 472251457313 2133 41795
1525253417 18775 65288256 531641421938 2039 40327
1525253418 14134 63788236 577601470266 1025 40083
1525253419 18299 64181525 532438354481 2163 38960
1525253420 19112 64026657 453670330769 2189 38602
1525253421 18674 64011065 490098067327 1358 35161
1525253422 18920 62609098 406967797278 2160 35836
1525253423 16473 65355238 574329341326 2135 44634
1525253424 18558 64018141 513589187555 2048 38652
1525253425 19343 63228813 431773233173 1544 35253
1525253426 18729 64770128 483748393982 2150 37356
1525253427 18761 63282481 497237928075 2015 43293
1525253428 16978 61602447 528269902797 2281 45970
1525253429 12456 65328370 945180361444 625 78713
1525253430 19576 65811739 491038848131 632 38600
1525253431 18052 63996025 542661290701 2024 40591
1525253432 18958 63978529 507055576663 2119 44353
1525253433 18964 62037515 418740892997 1839 38074
1525253434 14119 65963502 649989056060 1952 41584
1525253435 18788 63991532 490239925644 2096 40326
1525253436 18580 63995580 518952881968 1979 42087
1525253437 19303 64012540 418342091118 2072 34924
1525253438 18863 63994522 536095924540 2138 39694
1525253439 18657 63997378 521467501924 2143 43881
1525253440 19522 64004208 465288913846 1199 44285
1525253441 18563 64007454 528140749204 2082 41847
1525253442 19591 63998336 459495152264 1980 41212
1525253443 18635 63987914 489832146112 1873 37889
1525253444 18223 63845255 468941007237 2043 41237
1525253445 18695 64177783 465095102561 1957 37791
1525253446 18539 62185253 459767284141 641 37395
1525253447 19085 65827982 597756737360 2019 42810
1525253448 19143 63955864 474587186630 1980 39441
1525253449 18217 64005216 480269612680 2013 37465
1525253450 16801 62463263 636167038149 1935 78080
1525253451 19312 65545809 519937009573 1649 37980
1525253452 19746 63721491 420426304961 1579 36029
1525253453 19230 64285116 506347905944 1916 39809
1525253454 19436 63997428 455238532338 1970 37866
1525253455 18376 63993292 540683274480 1985 41360
1525253456 19396 64020967 437695358215 2128 39040
1525253457 19161 63977573 436514991841 1525 39597
1525253458 18649 64018694 548192758758 1945 40595
1525253459 18917 63955999 504391750823 2022 46387
1525253460 18053 64027643 546639565945 1032 42184
1525253461 18883 62750337 534901559719 1917 43923
1525253462 18730 65255966 583261953146 2040 39858
1525253463 19136 63987523 494297228129 2089 42483
1525253464 19204 64028971 473044635817 1820 39115
1525253465 14086 63979530 642909923436 1239 44071
1525253466 18925 64002678 473555824088 2202 39888
1525253467 19194 64000008 516309568360 795 41160
1525253468 18705 62932219 493189413097 2089 43546
1525253469 18841 65073911 580782768863 1245 45087
1525253470 13899 63733204 757324571008 2111 74188
1525253471 8825 64254382 887423181562 1005 70991
1525253472 18763 64001945 473905841569 2082 42005
1525253473 18977 64012183 547138170259 1260 44848
1525253474 18766 63974484 505746751392 1143 43669
1525253475 18248 62754158 532884293318 2047 46803
1525253476 14993 65273737 719800503787 1833 57425
1525253477 19016 63997866 480712946848 946 38341
1525253478 18973 63972487 513713529413 1881 44965
1525253479 18919 63416094 552443072474 1611 45372
1525253480 18653 64624600 548067203132 1241 41505
1525253481 18202 63803251 590520253791 2033 49518
1525253482 18268 64171989 538096604137 2048 46227
1525253483 19211 63997915 484979853267 1921 38283
1525253484 19335 64004491 457548890211 1145 38344
1525253485 19132 63504639 496494633451 1999 41023
1525253486 18582 64500127 546032168275 1958 39098
1525253487 18586 63983696 506889029888 716 42101
1525253488 18933 64013542 520148870774 1637 45850
1525253489 19174 63993767 511557619005 1634 44713
1525253490 19188 63991825 472667025723 2020 39829
1525253491 18675 64013961 607776948757 1811 50684
1525253492 11889 64012625 1034094589107 2143 86533
1525253493 18767 63962136 484141613762 1679 39614
1525253494 18501 64033883 547968510471 1965 44129
1525253495 19375 63984882 468834275020 2054 37582
1525253496 19463 64008258 452875876756 1999 36886
1525253497 11403 63679841 862642548305 2107 64586
1525253498 16294 63332615 515432280839 1223 38322
1525253499 18726 64356684 468940498430 1736 38893
1525253500 18941 64626042 572572480784 1753 44446
1525253501 18400 63988310 627205269854 1933 52442
1525253502 19032 64009314 482697673932 837 41920
1525253503 18562 63988016 497396302604 1918 40237
1525253504 18868 64004145 553805947985 1967 45191
1525253505 17777 61407227 482010678799 2179 44568
1525253506 18612 63863640 550174139942 1832 45489
1525253507 18984 65259720 523322158920 1963 46160
1525253508 10134 65478851 942058930467 1326 101830
1525253509 19464 64006931 452037294917 2066 40325
1525253510 19214 64005164 463558105554 1827 39705
1525253511 19524 63981284 418149783574 2028 35146
1525253512 18757 64010880 439217996862 2130 37509
1525253513 18740 63995172 438376457390 2041 34942
1525253514 18988 63999535 474710828863 1945 39422
1525253515 19665 64001389 436057319351 1860 36255
1525253516 19669 63990479 429036251643 1945 37023
1525253517 19492 64025510 463805129620 2012 41060
1525253518 17429 63722270 434439661498 1752 37037
1525253519 17750 64262929 451267994177 2032 33208
1525253520 19427 63983978 427072236516 1032 41538
1525253521 19637 64011616 440660062148 2069 38556
1525253522 19498 64016502 440625316826 1968 37345
1525253523 19900 63986725 449791743963 1979 39203
1525253524 19295 63996428 420092859142 1117 35083
1525253525 19720 64009587 433164931649 1837 36712
1525253526 19367 62709035 427596199929 1906 38543
1525253527 19005 64317040 475800345402 2089 38818
1525253528 19234 64362858 427807914512 1735 37483
1525253529 7838 64564379 1070970475191 2122 88600
1525253530 15249 64048922 663882158560 1969 58100
1525253531 19307 63981582 407276686954 2052 33795
1525253532 19014 64008797 506723682003 1771 43667
1525253533 18820 63991333 462737727517 2113 38002
1525253534 18578 64016430 517509907128 2005 42251
1525253535 12332 63982954 687592786052 1555 63858
1525253536 19521 63216559 410666495985 1981 37682
1525253537 18348 64811725 528402452361 1883 45717
1525253538 19092 63981445 501364840635 2005 41169
1525253539 18957 64000353 551907394581 800 47265
1525253540 18519 64002627 495011292153 1965 44990
1525253541 19429 64008184 493240895740 1913 45054
1525253542 19215 63997476 443868682254 937 38427
1525253543 19271 63996119 434139301911 1748 37388
1525253544 18786 63964735 499985032199 2131 49560
1525253545 18538 61684514 423776569458 2102 41689
1525253546 18781 66361316 698592115256 2100 71042
1525253547 19156 63998705 442096382575 1976 38285
1525253548 19210 63979912 416688751944 2042 37897
1525253549 19576 64008076 451455507372 745 38881
1525253550 18765 63519563 484340451381 2056 43986
1525253551 14957 64469981 592398300399 1889 38818
1525253552 19606 63218933 384951302159 1523 38469
1525253553 19516 64794291 427101717741 1984 36247
1525253554 18613 63990213 465669804141 2056 39178
1525253555 18961 63994443 460233452069 597 39435
1525253556 18875 64017249 460704159073 2023 39237
1525253557 19701 63979826 403888675328 1271 35633
1525253558 19893 62789339 347704960367 2117 34020
1525253559 19866 65229489 420880990353 1917 34354
1525253560 19853 64012234 415634474724 2029 36218
1525253561 10311 63744804 593839070338 2106 33238
1525253562 11267 64242259 738077945003 2136 63085
1525253563 19510 63975017 431050769089 1999 39300
1525253564 19662 62742388 349334165360 2039 33792
1525253565 19953 64854225 414889611565 2070 35453
1525253566 19509 64413049 432810463973 2065 36404
1525253567 15018 64018234 592040098650 1934 78536
1525253568 19340 63986757 401017000157 2002 37083
1525253569 19265 64014435 408754236905 1854 34396
1525253570 18948 63991256 493631969320 904 42174
1525253571 19505 64006427 376779114809 1903 30889
1525253572 19981 63698061 329441592815 1873 31805
1525253573 19589 64289874 380841843798 2037 31998
1525253574 19402 64014849 425917410091 1940 35766
1525253575 19433 63995741 423803900431 721 39426
1525253576 19793 63990007 389015466961 2067 35707
1525253577 19453 63991310 419441544528 1923 40177
1525253578 19647 64016548 398483367186 1920 34932
1525253579 19380 63994256 438536018120 2095 37219
1525253580 19947 64006066 414877904940 1905 37707
1525253581 19380 63989563 445812298929 1929 39945
1525253582 19659 62822658 373403755268 2061 39419
1525253583 20130 65195366 436026135936 1929 38911
1525253584 19589 64006560 421394623226 2072 38278
1525253585 19693 63976878 395261424172 1937 33546
1525253586 19832 64001124 405427654990 2047 39576
1525253587 19872 63942228 422099738264 1930 35989
1525253588 13104 64046652 474857796314 1487 31551
1525253589 19901 64016762 388891938806 2060 32862
1525253590 19949 64011163 406752456771 844 38426
1525253591 20074 63449432 322681733038 2039 31815
1525253592 19941 64517104 415321728966 2070 35128
1525253593 13917 63965622 643208140594 1404 65644
1525253594 11339 64063732 615294548912 2130 54409
1525253595 19675 64002538 399439054510 1885 36549
1525253596 19535 63976794 395705554798 2107 36162
1525253597 20196 64013366 377090102810 2104 38040
1525253598 18897 64006933 414394588129 1033 36760
1525253599 16429 64036927 473695307223 1751 37779
1525253600 19214 63961541 412308055489 1998 35790
1525253601 19602 63992985 364430636475 1956 36957
1525253602 19571 63993225 376279435003 2095 34644
1525253603 19407 64017534 441306518212 2052 39442
1525253604 19967 63987551 392222091347 1602 36114
1525253605 20614 64001366 350065737338 1823 36154
1525253606 19587 64011858 388490022106 1841 35050
1525253607 19506 63990073 392054703493 1972 36780
1525253608 19998 64006094 384924654612 594 36047
1525253609 19218 64008741 418065841011 2083 35680
1525253610 18957 62425090 431568184834 1931 42058
1525253611 20351 65553067 396700265933 2019 35169
1525253612 19722 63990866 389730251366 1955 35579
1525253613 19937 64021243 411405417733 1869 35935
1525253614 19774 64006372 398951472036 1567 39743
1525253615 19220 63992205 437856690867 2150 39723
1525253616 19501 64018225 407791228387 1819 35314
1525253617 20123 63979301 381966461219 2106 36920
1525253618 18334 64002610 463568238078 1846 40428
1525253619 19934 64003308 356590561946 2001 35413
1525253620 7653 63970972 902851146622 2173 62413
1525253621 17479 64029097 466539649465 894 35975
1525253622 19602 63963545 406897501523 1638 39246
1525253623 19811 64027676 419092541586 2093 36414
1525253624 19811 64002052 444500767756 2003 39569
1525253625 20690 64024150 363024314254 1943 35161
1525253626 9018 64034162 773581581470 654 64571
1525253627 9256 63954519 734483303265 1969 53411
1525253628 20174 63993102 438627248872 865 43365
1525253629 19120 63974318 481741974918 1962 41195
1525253630 19609 64030439 426771820811 2046 37890
1525253631 20683 63991634 356354269602 2009 34342
1525253632 19763 63992115 498624526953 1273 42103
1525253633 19736 64006346 462190335744 365 43033
1525253634 19948 64006316 424359657860 1741 37775
1525253635 20293 63990381 389587122075 1640 42674
1525253636 19592 64003829 475792005189 1943 42238
1525253637 17129 64013312 456823728232 1840 38871
1525253638 18512 63963062 422746392728 1728 38133
1525253639 19856 64035342 432153227034 1775 40544
1525253640 20132 63316896 376980419704 811 37325
1525253641 20074 64652412 415395221526 1904 35631
1525253642 19009 64087634 465065973484 1470 38972
1525253643 10679 63930284 1041317801206 2070 110741
1525253644 19790 63988462 427302521546 1079 35770
1525253645 20052 63928833 392979930515 1806 43187
1525253646 20023 64097172 432604886392 1645 41143
1525253647 19900 63949639 414213136345 1999 37795
1525253648 19664 64041966 462298507194 1896 43213
1525253649 19545 63217920 390810236870 2131 38026
1525253650 19957 64772500 465240873884 1205 41715
1525253651 19429 62701244 426807368578 1227 41423
1525253652 19945 65297588 517768905944 1207 47063
1525253653 19708 62005402 469665798106 1405 49996
1525253654 20142 65998185 476971101917 1953 40865
1525253655 19589 62741291 415326595953 1689 41630
1525253656 19463 65269248 475975129976 1985 42381
1525253657 19710 63993817 452738762767 1739 43957
1525253658 15033 63738270 622626749300 652 38592
1525253659 5710 64093422 884887591912 2246 63184
1525253660 15169 62083194 530455416392 847 43108
1525253661 19760 66081898 567374394560 1944 48617
1525253662 19408 64005238 470858794902 1357 50269
1525253663 18665 62053790 499306391240 1838 46710
1525253664 19153 65939032 573739340556 1260 45956
1525253665 12284 63986420 594390121474 1274 33494
1525253666 20005 64005887 411149474387 1866 44303
1525253667 19383 64029433 481709507473 1380 44004
1525253668 19992 64010182 376918502730 776 37068
1525253669 20055 63957613 409420091975 1907 34510
1525253670 20051 64018764 361295897990 1087 35660
1525253671 19937 63564280 398368932930 1026 37657
1525253672 19766 64447124 430771663130 1824 35313
1525253673 19816 63992401 428708096759 1736 44426
1525253674 18727 64011375 564397920219 1908 44964
1525253675 18279 63984929 624464828105 673 54776
1525253676 19786 63988587 431421128927 985 49321
1525253677 20062 63992024 438168466490 734 41881
1525253678 18130 64013691 530913196387 868 42900
1525253679 19811 64007958 503816865330 1606 48691
1525253680 20027 63982459 451638465785 1332 44280
1525253681 19515 61946654 420417605956 559 39886
1525253682 20188 66057567 481705842159 1285 40420
1525253683 19162 64003735 368931452515 1659 34917
1525253684 19495 64001442 482707731362 1817 37926
1525253685 17124 63164930 442218554818 2041 36277
1525253686 8879 64848874 1020146495374 1708 65053
1525253687 20019 63982192 389023818810 1462 36966
1525253688 19211 63988956 471947379646 2072 42361
1525253689 19631 63996336 437280416668 1124 42425
1525253690 20189 64014886 347786882550 1745 35228
1525253691 15066 63141931 567593135989 1686 36139
1525253692 4485 64488087 1080891189221 5004 58866
1525253693 19068 64375323 426350725875 2012 39853
1525253694 20180 63994811 375343950515 381 37252
1525253695 20186 63000625 377094173719 827 40945
1525253696 19564 65012983 510853402487 628 43726
1525253697 20018 63991063 366382247025 1629 37130
1525253698 19586 64016892 383617827920 856 37233
1525253699 19686 63973899 433011732989 2174 36555
1525253700 20863 64012649 344956868811 1931 34243
1525253701 20264 63983116 448060147696 1671 42373
1525253702 18875 64007300 572458194256 1976 45450
1525253703 8366 64008019 742337287747 1787 38624
1525253704 19433 63990740 434320280794 772 39958
1525253705 19727 64010620 462714636126 835 47356
1525253706 19709 63997005 468127344921 807 42538
1525253707 18719 63968600 358681657526 2305 34927
1525253708 19493 64024974 575942752514 2026 65692
1525253709 19566 63974665 503451668225 1223 50217
1525253710 19172 64040731 451927984811 519 44045
1525253711 18567 63856982 553194551520 893 51294
1525253712 18618 62060099 478357319491 1030 43507
1525253713 19142 66053226 530959605602 681 43093
1525253714 19684 64023318 360723179120 2115 34485
1525253715 20935 64001730 340471118932 2019 34340
1525253716 20160 63972268 337796780268 1933 33265
1525253717 19613 64026168 414021038002 1966 36331
1525253718 20196 64003339 355881218433 1251 34144
1525253719 20922 63996857 363726675969 1919 35591
1525253720 19589 63986841 464195867587 2048 40887
1525253721 20082 64002984 383531491822 1861 37028
1525253722 19504 64012729 416757832947 1729 40739
1525253723 17460 63681564 483945267356 1556 39100
1525253724 5343 64242731 975189065345 2341 61925
1525253725 18824 64073250 411403841820 2047 36526
1525253726 19340 63990151 422262786179 902 40702
1525253727 19164 63992303 384162931827 855 36731
1525253728 19311 64002756 441870389022 1203 43592
1525253729 19512 64015970 386598462634 1384 39228
1525253730 15297 64000901 484102061253 1933 34807
1525253731 19171 63995901 447157203477 1936 35797
1525253732 19935 63970715 357754154517 2060 35484
1525253733 20800 64038737 386296088021 1347 38423
1525253734 20696 63982281 360907579579 1987 35124
1525253735 11207 63574617 651258107313 2128 42277
1525253736 18840 64450983 417454603267 2023 35944
1525253737 20086 63988677 421177699277 1425 42732
1525253738 20393 64003843 366076494281 2040 37456
1525253739 19398 63997705 408721721589 1419 38320
1525253740 19374 63976444 493972147454 1526 40067
1525253741 18996 63994678 533913807046 2030 61655
1525253742 19798 64017057 451863284745 1448 44324
1525253743 19471 64038467 442866683585 1184 44229
1525253744 20535 63976174 421478959110 1956 46629
1525253745 20122 63977224 445834167892 823 42707
1525253746 12558 64003014 693423807838 1808 43208
1525253747 20178 63976171 431454701215 1117 40732
1525253748 19359 64005501 458009856269 724 43414
1525253749 19185 63988533 427762258449 1448 40374
1525253750 19683 64038445 450815332667 1150 45344
1525253751 20097 62702521 363096926403 1222 37639
1525253752 19807 65304306 492065885418 1832 42101
1525253753 20567 64004157 390199073213 1143 41704
1525253754 20128 64009946 424692643904 530 42519
1525253755 20133 63983525 462947335235 1195 46266
1525253756 14504 63931376 599995949428 1446 35319
1525253757 4493 63627516 1320623648730 1847 85927
1525253758 13453 64437658 637866510800 1176 38305
1525253759 19244 64000155 418850217951 1235 40638
1525253760 19803 64003156 406558960328 1303 41668
1525253761 20061 63980887 361039930967 1702 34246
1525253762 19949 64026610 389388296334 1697 37599
1525253763 19971 63975977 414743388155 2019 38977
1525253764 20143 64003529 441701753655 1434 42320
1525253765 20431 64013447 358724169013 2049 35550
1525253766 20336 63712147 409785475495 1995 42653
1525253767 19783 62778557 395460316829 1790 40827
1525253768 12414 65488365 705511782397 693 43054
1525253769 20192 64031986 446598941172 1898 44997
1525253770 19854 62538825 356661644787 1069 35766
1525253771 20134 65454012 516912565946 1912 43490
1525253772 20342 63966542 382864781756 2005 39324
1525253773 19645 63648294 403330671394 2013 37931
1525253774 14274 64353788 683683937016 2086 53832
1525253775 20107 64010911 393199201731 935 39045
1525253776 20168 63993813 383668999361 1529 37509
1525253777 20163 64011746 411054238272 2032 39978
1525253778 20332 63996748 392190081702 1117 37277
1525253779 19952 64016667 400072726533 1827 39577
1525253780 20741 63995827 375300124195 2013 38179
1525253781 20539 64008417 336078574543 1384 32198
1525253782 19968 63997890 402036932432 2045 37207
1525253783 19959 63989675 446237461023 1274 44016
1525253784 19671 63992075 410204116953 1600 41983
1525253785 20677 64014567 376448472603 1347 36808
1525253786 20744 63984813 377419556853 972 38649
1525253787 20145 64014713 387030260687 1275 40290
1525253788 20232 64005659 355965376207 1562 33656
1525253789 9871 63977048 870202936020 2055 67397
1525253790 20261 64012405 419467805669 2004 39653
1525253791 20957 64000157 329978116049 595 36066
1525253792 19821 64009628 376360952490 973 36019
1525253793 20003 63972297 366574831173 2079 35210
1525253794 20384 63740835 350748943927 1884 34609
1525253795 14794 64281799 549926747449 1506 42234
1525253796 19501 63994743 390562281775 1858 37741
1525253797 19328 63999751 418192058071 1713 39639
1525253798 20147 64006162 345674701160 1916 32778
1525253799 20702 63995970 358517919856 1472 36648
1525253800 10943 63443512 585708114586 1588 36125
1525253801 18337 64536396 465773866424 2128 40496
1525253802 19519 64014880 390915520864 1884 37797
1525253803 19955 64004591 367687012437 2054 38056
1525253804 19474 64010366 380510158796 1763 36967
1525253805 20183 63990566 348673980926 2175 39134
1525253806 14011 62385361 578207848147 2099 49931
1525253807 20598 64854666 392621827126 1945 37579
1525253808 20385 63611316 356902645024 1889 35078
1525253809 20610 64529260 385122094612 2052 37045
1525253810 20299 64620114 409623817752 1655 43406
1525253811 20487 64007202 361106451026 2021 39747
1525253812 20570 63989296 355180892148 1929 34662
1525253813 19812 64009265 385093689363 2052 38642
1525253814 20200 64000589 427842644487 1872 40878
1525253815 20669 64006783 355408462945 2053 35330
1525253816 20064 64011361 350166517927 2112 36339
1525253817 20098 63990723 379037330453 1142 36883
1525253818 19338 62247432 353671231508 1828 42794
1525253819 21223 65749804 373557548984 1877 37992
1525253820 19224 63996933 425163314001 2123 41305
1525253821 13175 63977242 829467761156 2211 82722
1525253822 19843 64003834 382427545496 1961 37280
1525253823 19927 63988108 395416492400 1939 37823
1525253824 19868 64010321 393766583667 1694 40708
1525253825 20649 63987133 340322481257 1991 41045
1525253826 19728 64019017 402055332467 2165 37992
1525253827 19936 64019525 366982058727 1954 35762
1525253828 20054 63992865 395201832821 2032 37873
1525253829 20197 63989376 379549548192 683 40397
1525253830 20636 64007356 357339897354 2047 38030
1525253831 18866 64044900 405895130942 1879 41056
1525253832 16357 63943667 629745532695 1785 71167
1525253833 20397 64024677 365747845737 1576 38528
1525253834 20594 63274222 305880786110 2101 35069
1525253835 20585 64706933 371611794983 2004 35081
1525253836 20336 64002595 362053095629 2086 36294
1525253837 15379 64005279 498516322113 2145 37545
1525253838 19796 63999887 391299917861 1853 37267
1525253839 19767 64003233 397582375127 2111 40115
1525253840 19919 64004759 445340656133 1193 44181
1525253841 20913 63802071 336689519123 1788 42062
1525253842 20156 64188693 368106303345 1807 35719
1525253843 20205 64005474 385180279406 2014 43870
1525253844 19660 63964623 389526213211 1809 38436
1525253845 19307 64016648 406525136920 2107 39874
1525253846 20720 64020439 324398431721 1043 37962
1525253847 20132 63984534 408962334400 746 42591
1525253848 20170 64001233 434691733173 882 39617
1525253849 20516 63994830 401209245746 1681 39564
1525253850 20208 64011436 398319649964 1057 42571
1525253851 21257 64014989 317163819825 1775 37316
1525253852 14225 63220234 572855673166 2069 38909
1525253853 4884 64751662 1195061668586 2153 84284
1525253854 20240 64022069 377083259295 1598 38871
1525253855 20287 63996965 364162962547 1278 36350
1525253856 20645 63987298 313988357258 1909 36725
1525253857 20302 64003419 353867171707 1980 35920
1525253858 20926 63984007 338844086521 2062 34721
1525253859 19808 64021347 433679573917 1976 45951
1525253860 20748 63997296 347285404668 2046 35333
1525253861 19942 63985906 404051409802 1490 45000
1525253862 19734 64025035 452630519151 1420 40332
1525253863 18726 63456636 461246858352 767 44081
1525253864 8338 64532873 810912870635 2080 35710
1525253865 20802 63994481 340867360873 1377 40596
1525253866 19574 63993090 436206429552 536 40722
1525253867 19775 64013549 454445457569 1481 44939
1525253868 19650 63997273 428122796409 752 41780
1525253869 19294 63991487 499496358743 1014 46342
1525253870 19297 64018061 456587445095 1021 47389
1525253871 20245 63976779 341435824019 772 38047
1525253872 19344 64000361 407652088281 1788 39763
1525253873 19741 64009875 408459137707 1671 40728
1525253874 16923 64020940 476499017278 1728 35602
1525253875 17576 64015828 454995003912 677 38231
1525253876 19289 63959834 463095507256 1616 45443
1525253877 20409 63986895 356766557997 1298 42021
1525253878 18963 64017151 476810016241 1593 42733
1525253879 19591 64004609 397188320709 1603 38780
1525253880 20912 64001868 310517815288 1018 36716
1525253881 19641 63991867 436434629185 1750 41052
1525253882 19772 64011475 394256142589 1717 38529
1525253883 20892 63997021 312312272009 1582 40698
1525253884 19320 63963033 464538227125 1873 43559
1525253885 14804 64034415 807431986765 2001 79530
1525253886 19965 63984985 387681883351 1783 40986
1525253887 19707 62024969 358337745183 381 41751
1525253888 18673 65995313 709065186447 323 66699
1525253889 20794 63983215 392384714445 1640 46816
1525253890 20326 63997793 393394691169 1577 40343
1525253891 19348 62488061 335552499895 1304 37752
1525253892 20703 65525010 410008865278 1927 41297
1525253893 20006 63993727 409634182605 1046 43083
1525253894 19769 63701894 386832717062 1846 39558
1525253895 14861 63679961 444252173273 2206 37815
1525253896 16134 64590987 697404191239 879 64855
1525253897 20288 64010611 332274891485 866 37603
1525253898 20164 64003341 355717248965 1648 35542
1525253899 20190 64005296 326132252240 1837 40329
1525253900 20200 63988229 407685267213 2013 46911
1525253901 18490 64015940 509146227696 1228 41838
1525253902 20249 64002761 378526448169 1772 43928
1525253903 20122 64007794 400170527542 1975 42097
1525253904 20342 63458656 313070862992 1538 37030
1525253905 19772 64526293 426029324081 913 39926
1525253906 19759 64021486 407204642172 1274 40806
1525253907 20746 63994500 309360386728 2143 35596
1525253908 20519 63985535 386877808355 1808 38739
1525253909 20124 64010670 401814492312 1529 38593
1525253910 21109 64001260 313178033554 1411 38236
1525253911 20392 63998389 408346857403 775 40308
1525253912 20019 64000594 392779105094 1869 39313
1525253913 21122 64000710 323898279700 1813 38007
1525253914 20310 63984058 365544504798 1774 40343
1525253915 20608 63985434 302538988440 1978 32588
1525253916 12087 64014957 992291172943 1809 88607
1525253917 19614 63983641 414275005919 1978 38724
1525253918 20594 64008522 357449323924 1801 40221
1525253919 19971 64025886 413443252518 2069 39738
1525253920 20757 63978930 371441028640 1971 45513
1525253921 17874 63643778 470329178012 1473 44013
1525253922 15691 64374354 527106318230 1858 42981
1525253923 20757 63989560 359059596392 1148 40457
1525253924 20140 64015393 425901267101 1629 42484
1525253925 19971 63973581 379320819831 997 36875
1525253926 20291 64008317 337189994771 1570 36713
1525253927 18621 64008992 409997369680 1454 38900
1525253928 20120 63995312 413728942130 827 40957
1525253929 20078 64008480 391777971668 2084 40932
1525253930 20622 64010223 312060938603 2092 35871
1525253931 19757 63992084 435094443768 1872 46132
1525253932 20013 63984734 414560377632 1653 44709
1525253933 20124 64000068 425329394444 1751 40898
1525253934 21022 64002278 353569799180 1773 43062
1525253935 20294 63989869 388281920563 1970 38387
1525253936 19751 64006702 441321552906 689 42633
1525253937 20510 64012799 317724468009 1365 38345
1525253938 19974 63993678 374883189708 1322 38215
1525253939 20517 63997434 380615054522 916 43629
1525253940 19676 64022235 433466873257 1419 40560
1525253941 20387 63974369 384311697105 809 46788
1525253942 20049 64011222 406795368136 1311 37547
1525253943 20651 64015257 342311715925 1206 40899
1525253944 19862 63986000 427245850380 476 40064
1525253945 20326 63985724 334741717294 1015 41513
1525253946 19808 64014216 407761756944 1176 43396
1525253947 20686 64000028 313537824306 1271 37850
1525253948 20236 64002977 370421341907 1487 36437
1525253949 20593 63995219 369661197225 1984 45938
1525253950 20414 63998254 389518051580 1870 38911
1525253951 20054 61910969 330087010975 1682 38322
1525253952 19023 66074078 456282829922 1423 38536
1525253953 20648 64024526 371109717566 1548 44639
1525253954 19952 63998385 421327594273 1308 39644
1525253955 20680 63990459 338070608337 1232 37683
1525253956 19893 64014924 453852532078 1613 48477
1525253957 20568 63971040 305650886028 1679 36564
1525253958 19769 64032908 407016673414 1601 37438
1525253959 21196 63987994 332647234556 1247 40855
1525253960 19843 63981526 449516845210 1607 44273
1525253961 20960 64017050 318813322152 1288 37343
1525253962 19273 63976012 436666202798 1078 38857
1525253963 20740 64026181 303998637139 2096 35666
1525253964 20675 63977637 363336185531 1587 39516
1525253965 20996 63612570 316948798374 845 37830
1525253966 19992 64407637 397258321887 1853 42448
1525253967 20928 63987729 352760410087 1155 43448
1525253968 20673 64006618 336471463746 733 34398
1525253969 20467 62862324 331454935954 2194 41833
1525253970 20578 65132902 365498843112 2159 34991
1525253971 20665 63995347 303256735519 1871 34269
1525253972 20140 63989556 399280840946 1712 39566
1525253973 20883 64032325 356242814453 1160 43524
1525253974 20045 63985817 372139225221 1567 36595
1525253975 20478 64005178 344856362484 1129 40149
1525253976 19733 63997295 448974317605 1237 42759
1525253977 20921 64008231 338731730329 1535 38068
1525253978 20285 63994087 392132923581 1331 38826
1525253979 20360 63995428 315695398946 1456 35375
1525253980 19637 62492134 340067369226 1112 40467
1525253981 20395 65502110 439648532702 2026 40443
1525253982 20920 63999753 319950063829 1357 35980
1525253983 20532 64009148 353117117012 2066 33891
1525253984 21178 63978202 294386073868 1944 34770
1525253985 20183 64008467 375374544137 2051 36896
1525253986 20828 64005395 294528586887 2053 33596
1525253987 19620 64014758 372176138082 1888 36239
1525253988 20447 63983017 313865139743 2198 36821
1525253989 20361 63996571 317443582659 2101 34868
1525253990 19780 64028596 371192053910 2071 36455
1525253991 21111 63991836 308866237706 1944 34645
1525253992 20650 63990136 346750067826 2000 34605
1525253993 20307 64029597 332894106967 1973 39115
1525253994 20087 63961363 373767233147 655 37461
1525253995 20965 63988303 299051952483 1842 35499
1525253996 20442 64023388 324587035284 2162 37819
1525253997 19216 63989671 466470771401 2096 43073
1525253998 20791 64008740 303491302238 1130 35395
1525253999 19902 62513548 316891320408 2037 38482
1525254000 13937 64074315 980699960023 1173 43744
1525254001 12838 64672886 1136535578024 1911 42795
1525254002 10672 64553249 1517616436849 670 51507
1525254003 11582 63848883 1344918287869 876 48036
1525254004 11954 64348714 1242755265230 1418 44391
1525254005 11838 64006883 1343182285001 1490 50475
1525254006 12966 63981594 1060462026148 1461 49329
1525254007 12788 64017441 1089802633999 1828 46682
1525254008 13304 64037146 1049724076982 1046 42615
1525254009 11980 62966783 1235093321631 941 55076
1525254010 10936 64981448 1572327150636 1001 60635
1525254011 10856 64006932 1466668130142 1216 60630
1525254012 10858 63992660 1410272514818 1269 71216
1525254013 11595 63979817 1254934267549 819 56563
1525254014 11040 62311163 1279375121287 1086 52457
1525254015 11473 64401192 1410789853258 1197 52772
1525254016 11289 65052705 1382001581007 1128 53034
1525254017 11635 62911137 1265637558685 1387 58360
1525254018 11525 64321973 1386624136027 612 60256
1525254019 12932 65017205 1096377200535 1120 45213
1525254020 12547 63999858 1142015106184 767 46205
1525254021 11966 63997121 1293255040889 1777 55572
1525254022 10719 63890433 1428847241313 1081 56057
1525254023 11359 62331229 1293922521867 1110 51523
1525254024 11293 65409621 1533864269115 706 63130
1525254025 10427 64387342 1532393755892 669 60143
1525254026 10823 62973511 1436646113853 1417 62979
1525254027 10812 65014647 1608493134279 679 62674
1525254028 10341 63989007 1574770066149 1067 59501
1525254029 10281 60543161 1372898543081 1408 53348
1525254030 10449 67470428 1806381705748 984 68529
1525254031 10578 61936215 1418615271719 1009 56378
1525254032 10087 63947976 1577126182076 1000 76457
1525254033 10142 66102469 1624150028815 1239 62158
1525254034 11230 62001162 1339377380184 655 54749
1525254035 11738 64661840 1308135975656 718 55754
1525254036 12035 63567783 1247426783599 1062 62332
1525254037 11969 63813937 1258835765527 1087 52523
1525254038 12080 65706183 1368446154769 1118 53282
1525254039 11466 64247320 1361962431556 689 51043
1525254040 11362 63986939 1411102947369 1147 56639
1525254041 12172 64027663 1201354265561 1078 52439
1525254042 11283 63789710 1295489572526 1515 61866
1525254043 13055 62992289 993917340667 1202 46374
1525254044 13180 64030158 1055309661302 1189 49837
1525254045 13300 63944176 967096870744 1573 45446
1525254046 13619 64782126 1067412294756 820 48336
1525254047 12413 63057086 1136462294230 787 57256
1525254048 12655 64896958 1291098375836 500 55977
1525254049 12579 64308741 1213936080111 1010 50325
1525254050 12173 64200172 1260219902400 862 51407
1525254051 12359 64027255 1220855829073 1560 51767
1525254052 12777 61696185 1072613664357 717 52088
1525254053 12946 65726954 1192745585638 871 48181
1525254054 13214 64531592 1124992910054 1017 46838
1525254055 13562 64040756 1006228164082 1002 49256
1525254056 13989 62150807 857229817353 1027 42328
1525254057 14307 65827556 964997262750 897 42786
1525254058 13731 64010816 1061383269774 968 45017
1525254059 12752 63984492 1165893087456 1084 50682
1525254060 13254 61735852 1004851947466 884 48355
1525254061 13480 66249193 1203316664601 855 55148
1525254062 13427 64025476 1097013585120 1147 46687
1525254063 13063 62212532 1055367908420 1021 49551
1525254064 13036 65764946 1259001227422 1124 55677
1525254065 13196 63061724 1041500500534 897 50389
1525254066 13880 64946620 1075969975704 900 48290
1525254067 13075 59577273 929219249433 873 45125
1525254068 14379 67353164 1282536861496 959 84141
1525254069 14264 64631499 970790697171 923 50633
1525254070 15034 64455571 808087694485 559 40323
1525254071 13969 63976099 924023348401 914 39795
1525254072 12621 63873644 1077136597268 875 41342
1525254073 9575 64120120 1131387733466 1515 63364
1525254074 12728 62499389 993662168375 811 39506
1525254075 12836 65512455 1119740721437 866 43787
1525254076 12873 64015904 1060646066416 613 44347
1525254077 13459 63935150 976851829832 968 39000
1525254078 12967 64060463 1017083847675 801 43320
1525254079 13138 63994233 968578160555 1060 37695
1525254080 13164 63259082 958255893492 803 48317
1525254081 12522 64745173 1081000815019 1181 43584
1525254082 13315 63206811 947948596139 789 40776
1525254083 13473 64480986 955314867134 749 35387
1525254084 13292 64184846 1013523867644 987 40836
1525254085 13199 64125419 903585587767 996 35865
1525254086 13369 63996063 938958429895 828 36680
1525254087 13176 64017980 957005307826 920 36767
1525254088 12920 62895824 1004168684534 766 38904
1525254089 13354 64336572 942938051264 1008 37143
1525254090 13669 63549159 877683422401 908 36966
1525254091 13661 64552271 896264807771 991 35347
1525254092 13613 64073986 923757733522 485 38713
1525254093 13646 64571705 901289773799 771 39609
1525254094 13281 64016040 947296904622 895 42081
1525254095 13343 63972964 942552269312 725 38423
1525254096 13528 64008090 927895650362 682 37443
1525254097 13230 63967964 952771104526 728 43773
1525254098 13384 64038120 895496898520 874 36968
1525254099 13149 63982272 1008105297182 776 39639
1525254100 13357 62763647 936547343905 736 46506
1525254101 13863 64702109 927291834673 781 43058
1525254102 13439 63631140 920085418576 852 38794
1525254103 8872 64743274 1172283600876 1098 64313
1525254104 12469 64199625 949526843579 830 45523
1525254105 13503 63976353 965861666989 1002 38116
1525254106 12727 62424325 972750396067 897 40875
1525254107 13138 65570911 1064165605597 701 42446
1525254108 13381 63995290 953414257660 905 38389
1525254109 4737 62171809 1635499432437 769 91004
1525254110 8822 65802247 1532911567265 958 89038
1525254111 12236 62273481 1074086041535 788 46204
1525254112 12155 65708460 1270324923062 868 49437
1525254113 12290 64042814 1158910238026 685 49216
1525254114 12867 64020489 1066338506359 739 47666
1525254115 7179 63457811 1419028061233 580 82649
1525254116 9643 63044222 1309676555100 947 87135
1525254117 12820 64232110 1104971791084 857 49004
1525254118 13937 65263424 996876668278 871 41360
1525254119 12682 62172000 1010350383534 677 44983
1525254120 13559 65831928 1059553702114 893 43973
1525254121 7111 60951741 1220566018863 644 63917
1525254122 10580 67043899 1242561779375 988 62244
1525254123 12754 63916511 1089139541929 951 44943
1525254124 13262 62560192 894344309890 954 35402
1525254125 14076 65526632 940756910110 973 35510
1525254126 14218 63888675 884113082803 835 39196
1525254127 11848 64112756 989473831160 545 57633
1525254128 13919 63880064 917638509282 1041 45416
1525254129 12819 62834381 1065424601569 588 48348
1525254130 13103 64356496 1080681610806 734 48203
1525254131 12091 62740520 1139963038060 760 48627
1525254132 8743 65729115 1259173805395 1033 65240
1525254133 5772 63653156 1637103403474 1245 92074
1525254134 12284 63665972 1184494720962 873 51640
1525254135 13070 63306428 947244469416 818 40940
1525254136 13817 64269051 1067958452277 695 53290
1525254137 13930 65562720 1074051458364 900 46801
1525254138 12741 63802568 949929361784 1049 53415
1525254139 9573 62373944 1038189750440 1199 65087
1525254140 14240 65836176 1030019682412 706 44090
1525254141 14374 63987989 901431729887 541 38882
1525254142 12982 63996378 1071999879196 914 54194
1525254143 12957 63970103 1043880110701 817 45198
1525254144 12739 62872075 1076799734311 1048 46361
1525254145 13885 65138755 1042730358053 973 41678
1525254146 14555 63035756 858588848694 770 40752
1525254147 14193 64989252 965940894182 655 42820
1525254148 14721 63971512 895930609042 927 44719
1525254149 13133 64031574 1051620176812 1138 66854
1525254150 14168 63992799 965705585993 948 49783
1525254151 13470 63998234 983242555474 997 45388
1525254152 12888 63979920 1041944638316 946 47377
1525254153 14320 63784415 908460810917 830 42274
1525254154 9809 63958311 1205354184703 751 66060
1525254155 4452 64304121 1746666189995 579 99350
1525254156 14474 62806330 863966634950 682 40887
1525254157 14472 65198147 944430870797 629 43486
1525254158 14340 63121077 882283646289 760 41213
1525254159 14151 63506096 937539202018 544 45541
1525254160 14280 63008488 837500276284 650 39171
1525254161 5670 65665738 1844811274958 1347 91780
1525254162 11211 50624162 743951801758 655 43765
1525254163 14547 78035702 5339665986588 925 270768
1525254164 14188 63975359 975333001859 682 40197
1525254165 14459 64017957 885843982707 583 42391
1525254166 12757 64018067 1202342853545 1173 71477
1525254167 12949 64003152 1083563839652 585 44281
1525254168 13345 62192631 982734995943 757 48863
1525254169 14635 65798889 999814301873 916 51185
1525254170 14186 63991054 981114177232 927 54570
1525254171 12887 63983781 953334725499 1084 44757
1525254172 6205 64008976 1454841264946 897 71750
1525254173 14243 62462902 959814340424 960 44694
1525254174 15142 65548615 858786880425 664 39968
1525254175 14997 62565781 793101293431 794 40397
1525254176 14989 65433916 885552833040 558 45071
1525254177 12182 63683580 990050993694 821 65106
1525254178 12779 64320707 980693489159 1027 43442
1525254179 13317 63900581 1033031843931 961 42710
1525254180 13113 63795954 1083722590950 753 42465
1525254181 13490 63947560 1054454855440 494 49597
1525254182 15178 64342884 832696619032 761 36957
1525254183 10337 64019131 1087017342483 762 70832
1525254184 14925 64001765 833412397531 1045 40258
1525254185 15312 63605828 772153292354 708 36190
1525254186 14337 63217798 879742668270 726 40498
1525254187 15081 65160883 880481454069 465 42455
1525254188 15057 64015493 854229998809 1015 42936
1525254189 14279 63974702 974738030074 630 43090
1525254190 13350 64009154 1016113991766 849 47985
1525254191 13593 64031289 968705292319 818 43063
1525254192 13740 63937680 1001951276460 914 44101
1525254193 13708 64023462 969935655096 802 40338
1525254194 14865 64042732 886635427944 1136 44187
1525254195 15369 63881289 830199911335 846 42705
1525254196 14608 64088137 897468868669 971 42646
1525254197 15692 63998363 755923610301 1002 38702
1525254198 15114 64015722 777021115660 862 38272
1525254199 15555 63975059 825198654449 722 44098
1525254200 15570 64010756 809115169266 906 38196
1525254201 15352 63983085 820108212873 744 44839
1525254202 14906 64017604 881019303370 943 47374
1525254203 14211 63989736 922937539374 692 38639
1525254204 14290 64013996 872757809684 630 38122
1525254205 14377 63236596 830967466398 936 37147
1525254206 14960 64762171 859819291969 752 36919
1525254207 14486 63986352 927076563930 783 48007
1525254208 10926 63954635 944256841667 881 62829
1525254209 6080 64051416 1080499345692 2149 62453
1525254210 14911 63998464 862575775306 911 44088
1525254211 15733 64002059 719811511153 581 36075
1525254212 15575 64000390 759419041558 740 36743
1525254213 15416 64008666 819049050824 809 39262
1525254214 14901 63817139 715167279447 895 34938
1525254215 13396 64190328 926232598968 719 59871
1525254216 15230 63988604 801842638044 977 39686
1525254217 14859 63974733 827166668243 768 39038
1525254218 15065 63439542 802548880744 781 40131
1525254219 15302 64578407 813820505273 662 42061
1525254220 14724 64012031 843114412143 662 40592
1525254221 15002 64000006 803574973198 699 35579
1525254222 15782 63996552 743462968080 558 37601
1525254223 15882 64013373 718410725095 830 35972
1525254224 15542 63983931 797719077607 588 38534
1525254225 16257 63534373 675907591287 892 35937
1525254226 15387 64468695 811755214093 1212 40194
1525254227 15362 63630923 805850019071 850 40067
1525254228 15872 64364934 725893542862 753 41047
1525254229 15108 63991661 827128461523 882 42713
1525254230 15129 63972135 763292476397 702 37170
1525254231 15427 64039852 773215047710 813 43154
1525254232 15008 63998336 851292809706 748 44119
1525254233 15334 63998969 799141928677 730 40109
1525254234 15144 64005743 809618962483 795 39825
1525254235 15469 63998446 760040629040 967 36762
1525254236 15637 64008713 763102105303 669 39197
1525254237 15368 63959713 804570396257 999 41583
1525254238 16188 64018004 729733777814 965 41700
1525254239 15783 64003011 749684618069 555 38870
1525254240 7865 63659802 1152887289536 1050 63897
1525254241 11602 64360937 998184572043 858 66660
1525254242 15520 64017518 772912412764 696 40305
1525254243 16019 63973500 758333551794 1051 42462
1525254244 15517 63996262 751226658740 1014 39704
1525254245 15405 63987121 785840990349 789 38595
1525254246 12425 63035903 896972323255 1163 53281
1525254247 15617 64974623 752441660865 564 38309
1525254248 15072 63984723 821898859639 615 42958
1525254249 15784 64021064 773249457682 818 44609
1525254250 15334 63998120 794902170500 520 39482
1525254251 15710 64002352 794852549636 791 42947
1525254252 15422 63990277 852408639751 1039 48264
1525254253 15268 63972239 821674874543 934 43487
1525254254 16148 64048037 713427343427 573 38107
1525254255 15485 63986294 796234605876 801 38937
1525254256 15578 63985758 754489910276 645 37866
1525254257 15985 63557430 719363517798 790 38439
1525254258 15631 64453499 830698731141 611 39190
1525254259 16210 64004263 760715518069 659 40676
1525254260 15474 62938943 765693057509 518 41240
1525254261 13123 64534194 965153215708 802 60879
1525254262 14118 63070878 1108305138056 1251 85338
1525254263 15614 65456186 892795819064 1086 39773
1525254264 15995 64007190 778627013458 831 41807
1525254265 15988 63992790 779460797850 579 40782
1525254266 16095 63774030 770153444978 1062 41482
1525254267 15491 62557543 772432086615 832 40805
1525254268 16464 65667565 766624808849 726 37757
1525254269 16016 64005810 828396692964 1217 44004
1525254270 16192 64012971 758041486983 996 44488
1525254271 16064 63980928 760461959850 517 40762
1525254272 6145 63633181 1566210774049 2013 88745
1525254273 12803 64318210 932954737142 1196 54548
1525254274 16161 64039384 777153053428 1000 44078
1525254275 16231 63995214 724618466854 563 37445
1525254276 16023 64016567 785248729093 686 41688
1525254277 16224 63991931 741614897833 616 40059
1525254278 15448 63986362 926292349492 852 49442
1525254279 14259 63854436 1882590783528 535 150952
1525254280 15603 64113520 860602227812 823 142115
1525254281 15300 64000614 821497007122 518 43599
1525254282 15699 62396677 700840682097 758 42756
1525254283 15689 65659180 942081786030 855 50985
1525254284 15489 63979053 836266505899 805 40555
1525254285 15930 64026887 863528698981 1212 48036
1525254286 15564 63991134 867694611312 733 44341
1525254287 16233 64003435 785938267695 690 42909
1525254288 12213 63977770 852011875752 1051 48328
1525254289 16088 64027152 743154036598 898 40220
1525254290 15540 63979204 776301152962 952 42390
1525254291 16853 64011390 731122062536 741 45004
1525254292 16276 63988995 720223426415 909 40969
1525254293 15670 63336607 796124691549 1372 60515
1525254294 16137 64663290 788282677204 687 39242
1525254295 16149 62651316 707215463700 822 38047
1525254296 16502 65370328 752580842324 1146 40729
1525254297 16307 62107833 661831182833 768 41235
1525254298 11292 65497090 1038910291324 1084 68039
1525254299 12839 64383043 875078619943 721 74616
1525254300 16562 64000950 691746343300 670 39517
1525254301 16674 63991228 674330467126 615 36944
1525254302 16821 64001688 646716374304 599 36953
1525254303 17439 64006679 632855802733 1068 36611
1525254304 15309 63796722 629356265132 767 33080
1525254305 16704 64182529 675832954745 583 37645
1525254306 16070 63985775 714600160925 1219 36819
1525254307 16503 63163532 617023762842 1043 38115
1525254308 16694 64873033 666360441471 1002 35500
1525254309 17351 64001518 628457469958 730 37311
1525254310 16621 64000979 677564211315 665 38179
1525254311 16222 63988514 696886743796 522 38433
1525254312 16793 62884517 584159724377 1070 33029
1525254313 16889 63964908 635444204188 1581 35579
1525254314 17000 65157832 693147499566 711 39318
1525254315 16305 63990558 683041838732 789 43439
1525254316 16397 64012657 677002529175 1342 34797
1525254317 15822 63998013 767011897661 897 42541
1525254318 16503 64013021 674839170135 1059 34835
1525254319 16862 63993893 651468693067 1128 37140
1525254320 16270 63994488 684760030540 1565 38150
1525254321 16326 63984050 688847586542 909 36600
1525254322 16614 64023664 681975295676 500 41797
1525254323 16005 63974230 736494633554 520 43143
1525254324 16212 64007891 754833222973 831 40814
1525254325 16265 63996101 685876422657 840 37324
1525254326 16623 63982687 672065316053 1021 38118
1525254327 16551 62521359 675836240035 730 40985
1525254328 16914 64520572 680484989134 835 43830
1525254329 15281 64976598 757317167754 1217 38347
1525254330 16384 64018229 680335768859 1131 35958
1525254331 16321 63982295 666905257197 1285 36573
1525254332 16891 63833139 653616633551 1069 37570
1525254333 16334 64155391 691175308217 819 38287
1525254334 9549 64005515 973637315179 1289 58745
1525254335 14334 63906909 686018015701 948 46446
1525254336 16683 63312468 613598835236 819 34670
1525254337 16462 62942057 604892765513 571 33340
1525254338 17072 64429177 644037012565 739 34690
1525254339 16969 63771255 607899203981 769 33310
1525254340 9164 63868063 989441920267 1096 69974
1525254341 17667 64928992 614834704646 527 33288
1525254342 16720 64498484 682832730082 1468 42803
1525254343 16963 64357627 683876313327 1210 37435
1525254344 16202 63992015 723883186739 967 39478
1525254345 16536 63870750 645925341294 983 35887
1525254346 13225 64147372 820254298552 819 60082
1525254347 16809 63996730 629928304346 1118 34743
1525254348 17125 64003111 599132272613 542 34039
1525254349 16975 63983002 611586217044 759 32324
1525254350 17233 63887209 599760333491 748 35792
1525254351 16727 63439933 605325109901 1292 34421
1525254352 17117 64682627 632377506669 900 34594
1525254353 16856 63981962 619449092926 1021 33619
1525254354 16902 64021433 633498543969 683 32666
1525254355 16597 63998135 645655987001 630 35333
1525254356 16634 63972726 649256678292 760 34252
1525254357 16868 64087263 628009241961 1099 33466
1525254358 16947 64002873 623838667233 756 33037
1525254359 17365 63927003 574428144227 806 34071
1525254360 16944 63993892 642464285242 1200 35863
1525254361 17039 64008176 637176809514 715 37916
1525254362 16618 62809864 581839682332 1034 34557
1525254363 16382 65159122 661079431324 1076 34094
1525254364 16848 64040075 634270423029 1449 33493
1525254365 16578 63989912 617539859126 809 33492
1525254366 10241 63933017 889260951493 1152 63671
1525254367 14478 64145430 740509588196 654 57880
1525254368 16535 63944964 594974901862 670 35209
1525254369 17875 64053485 595208813601 821 37877
1525254370 17069 63319657 601496957531 1159 34213
1525254371 17587 64662077 602576800621 651 33818
1525254372 17381 63844420 575580119598 1866 34844
1525254373 17081 64182475 612553838895 977 34285
1525254374 17327 63935419 611212780929 1445 33841
1525254375 16984 63785217 604270686529 1464 39513
1525254376 16591 64237646 660029930238 580 35879
1525254377 13358 64022785 754586630909 1072 58401
1525254378 17299 63947568 600733055776 1449 33728
1525254379 16818 63993630 615841494586 962 35263
1525254380 17027 64009873 579732761755 783 31653
1525254381 16751 63985063 612301428873 1712 36443
1525254382 16989 64059622 603793389578 669 32826
1525254383 17348 64013492 590910316536 933 35175
1525254384 16884 63991380 606080373294 810 32984
1525254385 17350 63020451 519627787289 681 31211
1525254386 17197 64984690 596230352780 1017 34858
1525254387 15944 63992590 792195344760 1188 57906
1525254388 17175 63994045 614674436359 614 38584
1525254389 16436 64007124 721272575340 961 43906
1525254390 16676 64022243 694448840087 1014 41127
1525254391 16176 63606204 692683817312 1744 37267
1525254392 12089 64277921 1032533338523 2011 81038
1525254393 16860 64103131 704902796705 1797 53488
1525254394 16862 63998181 660349054273 1752 37773
1525254395 16887 64003941 685853429213 1273 39874
1525254396 16900 62249024 579155541136 566 35512
1525254397 16770 63832628 658972045248 2096 38220
1525254398 5323 65723533 1387979724237 1952 83134
1525254399 14703 64186707 776846221991 859 44824
1525254400 16725 63996822 678718707410 886 38594
1525254401 16721 63995413 685276475895 782 38308
1525254402 16608 64013892 711917016934 620 39136
1525254403 16472 64000557 692876674063 846 36225
1525254404 11497 63999567 941850403235 1515 64361
1525254405 17388 63990757 639730617503 1985 39431
1525254406 16748 64003996 687437879326 848 38417
1525254407 16645 63994091 689709511225 617 40644
1525254408 17081 63983885 621368588867 1267 35101
1525254409 16735 64014789 661691817727 795 36697
1525254410 16686 63997857 680489094013 659 40619
1525254411 16374 63999038 698013927590 1386 39840
1525254412 16742 64025931 662277820839 1291 38599
1525254413 16261 63988027 766431982173 2053 43879
1525254414 16583 62832707 613236375839 1520 37874
1525254415 17207 65153272 615962619494 1739 33356
1525254416 16940 64000354 615918744332 1168 35951
1525254417 17043 64018406 628345167724 1116 36497
1525254418 17427 63998250 575326764940 1613 38138
1525254419 16723 63630858 632681014452 794 35520
1525254420 16688 64349440 654302528894 827 37665
1525254421 17056 64002506 641968053222 546 36307
1525254422 17014 64020397 673761855869 1495 49563
1525254423 16985 62646501 600017074117 981 35033
1525254424 13641 65342623 912691460101 1417 60533
1525254425 17615 63999598 596048296784 1655 36474
1525254426 16691 64010324 682556585998 1033 40537
1525254427 17381 64004998 596285584544 2083 36732
1525254428 16898 63984489 657627128653 1540 38966
1525254429 15716 63990753 663767062009 1066 39524
1525254430 5936 63784199 1213338201243 4926 69419
1525254431 7300 64199537 1073951613207 1993 70275
1525254432 16941 64032246 618144714812 1416 39280
1525254433 16925 64000580 631396235500 1042 36979
1525254434 17645 63984662 579481341154 900 34461
1525254435 17004 64005331 643127418805 1343 38098
1525254436 16532 63526665 662583255083 1889 40779
1525254437 16856 63767913 683976311881 1138 45185
1525254438 16859 63930107 672376845309 900 37941
1525254439 16688 62816462 621421964034 1373 37023
1525254440 17510 65970789 668558104227 1276 37005
1525254441 16635 64003355 704703712759 1090 39409
1525254442 17470 64000591 598417808975 893 36962
1525254443 16766 63991439 693357259451 1396 40032
1525254444 16275 63942649 704244978123 936 39716
1525254445 16479 64055448 684483092384 2016 38752
1525254446 16741 64001528 698041483824 1055 40106
1525254447 16498 63997718 718140697802 660 38961
1525254448 16727 63991168 695459851462 1954 39599
1525254449 16866 63996860 699011488768 570 40279
1525254450 17479 63732090 630860302780 1312 43855
1525254451 16611 63187590 650123390576 856 36861
1525254452 16632 65108087 765491900153 1837 44068
1525254453 17584 63628344 585946539208 1175 37358
1525254454 16301 64374907 700178567541 1044 36285
1525254455 17025 63993828 624083924118 729 36703
1525254456 15653 63839877 663306693023 1627 37875
1525254457 11725 64124789 960895467491 1025 74797
1525254458 16933 64024021 634629129307 621 36290
1525254459 17402 64005188 610700374476 474 39601
1525254460 17144 64000598 632936794112 677 34810
1525254461 16885 63991816 651442261118 1756 39045
1525254462 11033 61479470 817875752662 2057 75108
1525254463 11123 66520719 918965239593 1363 56938
1525254464 16672 64003060 675493617104 1349 38840
1525254465 16581 63997030 695075482034 1385 38984
1525254466 17548 63679937 559283081337 2176 34637
1525254467 16680 64326348 728287656244 541 42294
1525254468 17541 63991345 573483304283 1578 36344
1525254469 16521 64005124 671641601638 1604 42788
1525254470 17134 63935589 606902827211 836 39131
1525254471 16833 64054560 660903863574 786 35255
1525254472 17491 64001516 588765223852 744 35476
1525254473 16805 63990768 665338193882 1935 37317
1525254474 16962 64019370 660586210760 906 37406
1525254475 17205 63993885 615746035419 743 34605
1525254476 17074 64000949 644395850243 645 37796
1525254477 16954 64001206 651586059262 876 37187
1525254478 13486 63998092 730129338254 2121 55240
1525254479 16798 62257344 571099701700 714 34289
1525254480 17449 65733705 670640117923 1841 36619
1525254481 17000 64033722 633449202302 1414 35062
1525254482 17564 63974456 573242568524 1150 35515
1525254483 16108 63874756 722435883312 517 45812
1525254484 13517 63870903 728387038711 1021 39784
1525254485 16638 64263294 670487139670 1045 38363
1525254486 16567 63993561 660584419157 1883 38458
1525254487 17382 64010475 653119371217 842 39159
1525254488 16183 64006438 746857402892 1195 39815
1525254489 12082 63967401 775135034337 606 58487
1525254490 17419 63987984 622757953428 914 39038
1525254491 17088 64020348 668648703462 1812 41703
1525254492 17383 64004314 625054447262 630 39294
1525254493 17645 64002426 593874099980 1589 38720
1525254494 14191 64047942 676234489688 2116 38774
1525254495 12065 62529808 875983370824 1555 66062
1525254496 16582 65398273 796541028209 1471 41408
1525254497 17301 64012862 643754067428 2027 41430
1525254498 17254 64033105 659353794987 755 40922
1525254499 16845 63991251 718931977247 1648 44622
1525254500 17235 63975097 638147776829 778 38439
1525254501 17827 62959726 531971334254 1231 37090
1525254502 17610 65046829 660437799769 1393 40810
1525254503 17384 63988430 608941723080 1972 38587
1525254504 17446 64028583 661413404773 530 44013
1525254505 17570 63983132 597582867440 1768 37053
1525254506 17154 63997923 641870667851 1362 43292
1525254507 17443 64016945 613939965975 808 39009
1525254508 17102 62996369 592639187045 912 37081
1525254509 17467 64061543 626051834435 1483 38036
1525254510 17071 64934543 700725155857 1558 42623
1525254511 17004 63936384 638125003730 1431 38757
1525254512 18101 64065600 567163380712 1282 39655
1525254513 17239 64006246 632498361370 1166 42591
1525254514 17894 63981488 578414704956 1080 38589
1525254515 10857 63914066 859829004986 1343 67751
1525254516 8967 64089551 1039717641943 2083 75409
1525254517 17358 63981954 628837835920 1229 36992
1525254518 17819 64037654 555264843192 1989 35366
1525254519 17947 63975567 578067064247 2046 40127
1525254520 18307 64007658 546996312444 1831 37090
1525254521 17644 62912390 545432670928 1614 38350
1525254522 18376 65065198 562742459040 1236 34528
1525254523 17971 64026772 594285217516 1965 39235
1525254524 18156 63992996 525212589472 1385 35481
1525254525 17955 63994030 543050020112 1128 35971
1525254526 14722 63903402 823879532772 1138 80725
1525254527 12643 62356003 711108863091 1168 60287
1525254528 18348 65770357 585434490905 732 37097
1525254529 18173 63972027 533966338703 1451 36347
1525254530 17995 63999441 550979429401 2088 39138
1525254531 17921 63992564 539490037342 948 36973
1525254532 10768 63880551 1107941486377 2158 83935
1525254533 17923 62623654 498652451382 694 37543
1525254534 18524 64719987 531830486945 1040 35256
1525254535 18359 64790057 583544821629 1489 37130
1525254536 18421 63985676 537398151216 1138 39001
1525254537 18612 64008857 504024631625 1206 34461
1525254538 19165 63738689 456751145407 813 34375
1525254539 18590 64263186 547948258630 2030 38873
1525254540 18308 64008500 533468493118 842 36621
1525254541 17817 63933300 550578893218 1862 40757
1525254542 18044 64077420 538475094058 836 40848
1525254543 18241 63983550 528908204576 1768 36465
1525254544 18164 63984092 577276986950 1349 49140
1525254545 17662 63991354 619190874730 838 42829
1525254546 18055 62748021 523638624465 1079 38755
1525254547 18337 65297270 560622741808 1281 37930
1525254548 14041 63974006 713452379284 686 61674
1525254549 17963 64009044 587746776764 1441 41348
1525254550 18045 63993741 554306643199 1753 39872
1525254551 18431 63320053 522255588577 1329 37892
1525254552 18029 64672102 611730206864 1054 40223
1525254553 18015 64024628 557998725434 720 37942
1525254554 18761 63981737 492073173537 1981 38153
1525254555 18031 64001109 552254505249 1987 36886
1525254556 18211 62727217 485809602987 2027 39933
1525254557 18336 65247023 641687393885 1259 48353
1525254558 11122 63901750 766100235990 2071 69408
1525254559 14938 64122428 666361195644 582 66024
1525254560 17914 63998052 525150638596 1531 36116
1525254561 18223 64000919 510813805321 1107 35099
1525254562 18646 63294255 486040966435 1083 37924
1525254563 18339 64721902 590936700584 467 42511
1525254564 14103 63985256 975810556450 721 83565
1525254565 18002 64023915 566251121913 1972 36970
1525254566 18616 63969478 541429998744 1941 40665
1525254567 18831 64015181 486645850483 2078 38063
1525254568 18189 63997510 543555481184 1380 37924
1525254569 18673 63989602 505611826350 1905 41639
1525254570 18734 63208466 507190302412 1300 40383
1525254571 18527 64805238 562082837754 1175 38698
1525254572 18893 64006987 522354010653 1058 38928
1525254573 18073 63996536 615850792722 1811 40517
1525254574 18995 63992954 469742694988 1235 37627
1525254575 19171 63993116 521158013568 1651 40449
1525254576 19035 64024848 548493726936 1232 40241
1525254577 19319 63990741 474583022249 1209 38543
1525254578 19128 63999658 522841729378 1551 38247
1525254579 14900 63750056 976173808870 1914 81674
1525254580 9587 63093218 1017436525786 2086 79355
1525254581 19080 65163063 546930723401 1100 39910
1525254582 18574 63978390 509090985198 1549 39696
1525254583 18134 64049844 564839490994 1705 40686
1525254584 19138 63946137 480403393659 1331 39518
1525254585 18791 64008508 513182954344 1138 39485
1525254586 18897 63976803 506465736553 1977 38345
1525254587 18985 62068730 436389313198 1103 37787
1525254588 18756 64822872 543494194438 1850 47090
1525254589 18701 65137293 543569095483 1253 37248
1525254590 15994 63977707 539708694887 1878 40537
1525254591 18409 63986609 528515169141 739 39001
1525254592 18906 64047185 521514744829 927 39446
1525254593 19207 63090472 444692266614 1527 40925
1525254594 19601 64882051 488876312031 1000 35813
1525254595 18796 63999774 508212885658 1472 40397
1525254596 19377 64005078 501757660226 1174 38406
1525254597 18980 62149361 442111120267 455 42104
1525254598 19738 65865000 518045497946 921 38625
1525254599 19330 63995881 477211324387 970 34686
1525254600 19101 63976327 471269413005 1674 36805
1525254601 19216 64034009 467753391943 1066 36235
1525254602 19354 64004910 469807497860 1726 34794
1525254603 19298 63990045 472705287499 1609 37829
1525254604 18795 63988201 536969488647 1091 39519
1525254605 19112 63993144 510990448902 1654 39115
1525254606 19130 64014592 485628869056 1966 41436
1525254607 18675 63987463 554612993263 1531 42272
1525254608 19201 63985119 506130267591 752 46647
1525254609 18228 64022967 512562414693 1942 38164
1525254610 16660 63584521 524592583995 1867 36421
1525254611 13754 64418892 1045233410078 2043 82262
1525254612 18771 61614619 461010824613 1996 41363
1525254613 19699 66359043 553336996331 1888 42813
1525254614 18978 64004081 543362673273 1848 40686
1525254615 19866 64026739 443386264943 538 39382
1525254616 14531 63991360 650996618434 1240 38970
1525254617 18746 64001386 598725944886 1453 48583
1525254618 20069 63412682 411700455934 745 35378
1525254619 19503 64597448 459884490168 1227 35545
1525254620 19317 63993379 474894225157 849 35705
1525254621 19192 64002172 527645351822 1852 50980
1525254622 19352 63994365 438631549089 1179 32649
1525254623 19068 63996729 458984769135 1236 34097
1525254624 19128 63981235 422565788639 1983 36291
1525254625 19057 64027638 478551272732 610 38747
1525254626 16500 63988707 468431749733 655 36161
1525254627 19925 62553226 373422265834 1880 32125
1525254628 19751 65446497 481058524641 699 54672
1525254629 19741 63982967 445227298547 1841 36218
1525254630 19607 64030275 464483005971 1664 35192
1525254631 20416 63991214 416258702264 1744 39345
1525254632 18749 64005471 502036756699 2049 36620
1525254633 19502 63988691 454217598323 1889 40938
1525254634 18734 63983541 506614493501 1154 40315
1525254635 19721 64002408 409413007258 1982 34979
1525254636 18291 63917735 617241293731 1451 47409
1525254637 17648 64120659 488548099989 765 38080
1525254638 19839 63983096 417821156592 1414 37682
1525254639 18883 64002558 442708366618 1708 33692
1525254640 19379 63999370 447775960692 2006 38324
1525254641 19246 63989103 446599970845 1229 36545
1525254642 16067 63993038 547817460324 2080 35171
1525254643 18793 64023351 468955697647 989 34532
1525254644 18600 63987939 487091927775 2035 37317
1525254645 19056 63224866 437619973026 1750 37122
1525254646 19400 64781096 460113494082 1625 33689
1525254647 19808 64001733 432580179545 716 53798
1525254648 20040 63996242 362277087826 1741 35985
1525254649 20952 64011369 353546971053 1712 33853
1525254650 21822 64008924 363776138374 1732 35040
1525254651 21261 63974696 342107313306 1731 33645
1525254652 15603 64007868 614751280084 1464 68453
1525254653 21204 64013474 337274853216 1641 34101
1525254654 19723 63983180 383107370706 1737 38600
1525254655 20835 64005455 346457200605 1808 34408
1525254656 20261 63999175 353265214441 1917 34570
1525254657 20588 63979719 332458642769 1889 34003
1525254658 19948 64006833 372860714671 1001 37770
1525254659 20181 62125165 299372604309 1879 34352
1525254660 21015 65884062 389465067018 1867 39688
1525254661 20625 64006436 380959952338 1002 38906
1525254662 22508 63992365 364782111207 1601 40274
1525254663 20997 64009161 418077090039 1596 40290
1525254664 21599 63997454 378514160426 1801 37494
1525254665 21403 63994633 350883093117 1691 36353
1525254666 20024 64003785 375338441331 1827 35662
1525254667 20347 63995228 368098730306 1658 35668
1525254668 22257 64006446 355590785150 1673 36084
1525254669 21297 64009732 373299879098 1691 36376
1525254670 21653 63994814 372172143020 1688 37474
1525254671 21460 62551720 301635111356 1717 36560
1525254672 18738 65249746 417853229758 1801 32267
1525254673 20572 64192951 411191173829 1689 34117
1525254674 20654 64004249 367426316307 1800 39516
1525254675 21407 63986091 337980173211 1725 33246
1525254676 21123 64008802 313148445050 1869 38730
1525254677 21026 64006001 336703052073 1580 34821
1525254678 21176 63990106 361006915478 1437 37452
1525254679 20661 64000921 366193611037 1656 35113
1525254680 20479 63997524 357050302442 1810 36898
1525254681 19984 62830957 348600797997 1755 39370
1525254682 20219 65180504 377732906356 1793 34588
1525254683 19965 63983404 358441952322 1679 36794
1525254684 19733 64011589 374964047933 1845 39057
1525254685 20651 63990086 329742918736 1887 37060
1525254686 20284 63990485 369968242205 1827 36878
1525254687 20621 64001513 367130989257 1322 35658
1525254688 19836 63510965 334998989295 1985 40286
1525254689 20643 64486897 368691589043 1885 38823
1525254690 20733 64018813 369671823355 1858 36260
1525254691 20157 64007061 375315690055 1904 37448
1525254692 20549 64004913 320535307671 1748 35929
1525254693 20224 63990235 392180639689 1801 38462
1525254694 19748 63997750 394908225398 1742 40461
1525254695 20391 63993154 340996693864 1666 38030
1525254696 19775 63994722 374971003144 1506 37383
1525254697 20834 64017669 349378676995 1868 33365
1525254698 19959 63952948 358214336118 2011 34231
