1525685523 4433 7538505 29092608887 909 33949
1525685524 21038 31996173 52626570299 744 8976
1525685525 21141 32002338 53579286214 677 9390
1525685526 21496 31992143 51251663005 811 8891
1525685527 21929 32004245 49070934039 788 5422
1525685528 21289 32005116 50685391382 739 5316
1525685529 20848 31994071 56931933049 720 9978
1525685530 21213 32007915 54815477349 818 9279
1525685531 21254 31999429 52236600319 818 9004
1525685532 21489 31989910 50295489388 749 5866
1525685533 21350 32008926 53129225080 832 8987
1525685534 21304 31995880 52258010564 707 9218
1525685535 21355 32002989 50729733309 765 5510
1525685536 21752 31999340 52763173116 742 9669
1525685537 21367 32004743 52276568405 541 9081
1525685538 21060 31992534 55097705482 713 9731
1525685539 21794 32001320 52091568914 788 8934
1525685540 21577 32002585 52599937107 800 10312
1525685541 21473 31998916 49911912410 725 5758
1525685542 21205 31996588 51743636704 800 8541
1525685543 21367 32000343 51935336871 758 9022
1525685544 21194 32005100 50882618612 836 5808
1525685545 21010 31995207 52530649211 780 9113
1525685546 21011 32000694 53548334632 834 8738
1525685547 21282 32004851 51952989157 847 8991
1525685548 21423 31991389 50340017967 762 5639
1525685549 21144 31998612 54921048538 730 9312
1525685550 21511 31996968 51271254780 800 8473
1525685551 21016 32013238 52531955118 829 8971
1525685552 21092 31997445 52450918135 805 9301
