1525250467 320 28091957 2641293933501 49172 203360
1525250468 665 64340462 7776483571374 64441 352825
1525250469 4472 66383761 3566918850963 1603 148280
1525250470 21032 63987690 210424868994 1431 11888
1525250471 20328 64010894 212197549864 1938 11759
1525250472 21377 63986569 199999717009 1891 7995
1525250473 20765 64008120 208743619452 1656 12107
1525250474 15682 62735362 995481247358 1885 87314
1525250475 1084 63958146 3867433034056 50285 106996
1525250476 774 61279316 5659566870972 34416 250219
1525250477 764 65275709 6804928359157 48030 292612
1525250478 756 65482489 5867066555599 57981 200868
1525250479 15020 65277577 2263442423483 1976 146941
1525250480 20750 63995359 213689871213 1225 12234
1525250481 20950 64005848 206551206378 1926 11224
1525250482 20740 63975105 216218181665 1054 13992
1525250483 19854 64006504 218135721000 2057 12395
1525250484 2948 62033795 5331308610673 2331 238690
1525250485 581 60715851 6407372877059 49368 207953
1525250486 638 63696094 9051739775830 28350 378877
1525250487 705 66832824 6520037159374 3316 195226
1525250488 581 62401263 6918161506843 92609 250634
1525250489 626 66080891 7199627785707 93931 255057
1525250490 13785 66250053 2125451881073 2054 137681
1525250491 20123 63980382 215015974156 2004 10980
1525250492 21093 64030673 212232151383 1777 14342
1525250493 20186 63971812 220595736562 2001 11859
1525250494 20010 64036301 225711753607 1789 12004
1525250495 5034 62705487 2859845391939 1892 134436
1525250496 19833 65279403 633528464075 1820 75635
1525250497 19922 63987221 214194030229 2247 8598
1525250498 20044 64009541 214877503387 805 8765
1525250499 20963 63984638 205812185386 1821 8778
1525250500 18875 62449735 239078822299 2015 26095
1525250501 20469 65554562 303567877070 2019 44008
1525250502 20615 64023666 210522025172 1974 9481
1525250503 20867 64004056 207340565848 1976 9128
1525250504 20438 63980692 209949735514 1951 10442
1525250505 20492 63994010 210472954646 2052 11868
1525250506 20728 64005784 208576429464 1970 11203
1525250507 20042 64006181 218581089229 2034 13101
1525250508 19836 64001603 220709080363 2004 11817
1525250509 20000 63981393 213687529871 2157 9216
1525250510 21022 64024478 206591433618 1945 10868
1525250511 20376 63986419 219744393903 2011 12516
1525250512 19847 63998198 219435517068 2043 12841
1525250513 20023 63989088 215063299652 2090 10554
1525250514 20477 64005857 213261267249 1852 11735
1525250515 20235 64007951 215650923581 2080 12190
1525250516 20986 64008855 204549181665 1983 8529
1525250517 20220 63994822 216100113030 1960 11000
1525250518 20899 63986838 207568075682 1995 11172
1525250519 20179 63994016 214360697502 2104 11827
1525250520 20457 64023242 210218272266 2061 9256
1525250521 20127 64001934 216292996338 825 12689
1525250522 20168 63982384 216928511600 2080 12768
1525250523 20103 64009452 219976924254 2023 13290
1525250524 20429 63999993 212591272973 1985 11316
1525250525 20316 63991673 219674647755 1975 12424
1525250526 20802 63994936 212860937316 1933 12003
1525250527 20490 64019502 214123326396 1945 11866
1525250528 21479 63991633 202420998519 1780 12912
1525250529 21195 64005021 206460544625 1868 12474
1525250530 19781 63970993 218079788749 2047 9979
1525250531 20144 64037862 215098021080 1999 11155
1525250532 21565 63988794 201415615156 1895 12820
1525250533 20546 64007301 213470811373 1885 11342
1525250534 20560 64003370 213402522386 1948 11464
1525250535 20539 63994097 211478794757 1870 11136
1525250536 18014 63991237 450325868979 2014 51659
1525250537 19384 64001896 226261138948 2092 11976
1525250538 20299 63980554 215267649144 1934 12457
1525250539 19378 64011016 220734356586 2256 9891
1525250540 20089 64028913 219802522527 2099 12728
1525250541 21127 63986680 204897878190 1906 12076
1525250542 20104 63981361 215234801529 2064 12219
1525250543 20340 64003174 215155275850 1955 11521
1525250544 20672 63978597 213713292219 2002 11840
1525250545 20509 64015854 210917528264 2007 11319
1525250546 19629 64022981 220314965163 1961 12122
1525250547 20167 63973619 212400647645 1991 8996
1525250548 20052 64020300 217739546802 1966 10505
1525250549 20120 64014024 215504740290 2065 11601
1525250550 21002 63964913 208715942521 1806 12747
1525250551 21455 64035293 202930534671 1924 11646
1525250552 20359 63986508 213051998642 1835 11979
1525250553 19752 63991095 217638256767 1997 11705
1525250554 20568 64012459 210517015759 2000 10874
1525250555 20376 63993025 212159291785 2027 10062
1525250556 20693 64010500 209637689010 2044 11431
1525250557 19766 63967590 216284156572 2015 8409
1525250558 20986 64027878 206778372200 1938 11442
1525250559 20383 63986499 216351413317 1873 12955
1525250560 20722 64018811 211418086877 1917 11904
1525250561 20631 63988056 211470112448 2033 12057
1525250562 20184 63996226 214797082536 1905 12659
1525250563 20422 63991391 212788229985 1951 12196
1525250564 21717 64007677 200195758853 1718 11314
1525250565 20439 63997532 212352593322 1917 12035
1525250566 20286 64004113 213758748113 2057 11990
1525250567 20445 64014138 215186461204 1890 12293
1525250568 20805 64003022 210715266604 1989 11857
1525250569 20438 63973259 209323885311 1958 8163
1525250570 20907 64006131 207462721713 1964 11451
1525250571 18374 64012853 450340491687 2061 72736
1525250572 20264 64008280 212124702162 2196 8653
1525250573 20157 63985328 214853743128 2149 10754
1525250574 20098 63987198 217285584528 2117 11726
1525250575 20344 63996378 213656542852 1989 11725
1525250576 20452 64028331 217167752453 2001 12069
1525250577 20495 63971922 208411917184 1980 8136
1525250578 20823 64019661 213132218915 1884 12132
1525250579 20747 64002509 207385333207 1994 9127
1525250580 20622 64005473 209026857039 2054 8275
1525250581 20634 63972021 208260554147 1731 8136
1525250582 20918 64018797 207953921819 1988 10842
1525250583 20601 63989353 211724463243 1949 11202
1525250584 19813 64001380 216886995442 1977 8660
1525250585 21572 64011301 203867877485 1908 12982
1525250586 21912 63913617 199451044415 1889 11230
1525250587 20503 64082363 211466179579 1899 10566
1525250588 19749 64003861 219522184941 2138 11705
1525250589 20648 63974785 216400456377 2008 11703
1525250590 21017 64021610 210187903764 1910 12087
1525250591 20962 64003582 211030239512 1988 14009
1525250592 20419 63988106 216585768282 1966 11481
1525250593 20455 63996258 213881711672 1697 11261
1525250594 21304 64028355 203823135013 1951 11535
1525250595 21218 63965991 209169599927 1830 12688
1525250596 20344 64019879 211489547547 1956 10826
1525250597 19554 63974755 226082507791 2015 12101
1525250598 20208 64020757 217570586823 1952 12285
1525250599 20455 63993985 212922424993 1915 11326
1525250600 20930 64008624 208428668040 1775 11066
1525250601 20242 63980849 213804082155 1920 10540
1525250602 19490 64016422 221559549280 2096 11410
1525250603 19306 63973409 224400436921 2235 12495
1525250604 21314 64023895 205776813525 1790 11761
1525250605 21822 64007328 198462154328 1859 8641
1525250606 18979 63998682 467669264162 1232 76434
1525250607 21607 64005033 204714842065 1784 12088
1525250608 22112 63990576 196043835854 1828 9734
1525250609 20273 63997096 211728926744 1891 8973
1525250610 20163 63998117 218064092627 1998 12439
1525250611 20048 64010577 221925408451 1839 13466
1525250612 21565 64005014 205300111804 1852 12082
1525250613 21604 63995972 205120271240 1838 12594
1525250614 20678 63994831 213460629365 1884 11458
1525250615 20866 63999084 209043351326 1894 11682
1525250616 20455 64005463 210603427681 2139 9873
1525250617 20470 64000463 212896569955 1902 13980
1525250618 19771 63996783 218946475779 1982 12014
1525250619 20484 63989250 209766564766 1882 8753
1525250620 20497 63991140 209864380696 2031 8773
1525250621 20542 64004630 209770510994 2016 8610
1525250622 20366 64014393 214036029547 2041 11251
1525250623 20248 63997951 212264606697 2131 8362
1525250624 20488 64003287 213078684863 1983 11631
1525250625 21112 64007826 208564432110 1668 13476
1525250626 20227 63981517 215774428487 1902 11358
1525250627 20470 64009086 210124105304 2088 8128
1525250628 19894 63987477 219318365379 1990 13001
1525250629 19945 63996795 214892062553 2148 8558
1525250630 19884 64011143 216391764083 2207 8720
1525250631 20843 64003096 209213487958 1966 11757
1525250632 20748 64007548 207977705662 1879 8987
1525250633 20095 63986439 213932248797 1954 8463
1525250634 20083 64003544 215142743732 2155 13818
1525250635 21449 64004711 205121999647 1933 11631
1525250636 21699 64029134 198834700242 1891 8142
1525250637 21152 63970960 204057019118 1938 8583
1525250638 21411 63992091 206138594209 1874 12466
1525250639 20420 64011720 213592405348 1966 11664
1525250640 19896 64001795 220060743195 1905 11656
1525250641 19301 64010320 450809006980 1176 71844
1525250642 20583 63980453 210077922255 1982 11385
1525250643 20101 63988463 215660608523 2136 12269
1525250644 20209 64027100 215177364640 1997 12936
1525250645 20639 63993310 211096605584 1709 10506
1525250646 20259 63987048 214287806600 1623 11458
1525250647 20790 64009085 209889755515 1932 11484
1525250648 20045 64016432 217520463562 1730 12214
1525250649 21560 63973705 202727107483 1879 11526
1525250650 21257 64000724 204132783338 1954 11181
1525250651 20672 63991782 208247628126 1915 8487
1525250652 20218 64025432 217558220570 2003 11393
1525250653 19742 63972933 218235200585 1893 8918
1525250654 19699 64007123 220924242397 1992 11453
1525250655 20513 64022405 211235090787 1830 8915
1525250656 21210 63971178 206750540834 1953 13197
1525250657 20093 64007162 216743384542 2078 11289
1525250658 19894 64002485 217343254639 2129 11598
1525250659 20605 64000085 210941431343 1989 11180
1525250660 21059 64010508 207593780490 1959 12024
1525250661 21918 63994342 199922846292 1691 11277
1525250662 21604 64016222 204489073272 1844 11740
1525250663 20812 63982186 207076287200 1995 8795
1525250664 20276 64018751 215268442293 1994 12709
1525250665 21397 63971716 203281510542 1731 10732
1525250666 20585 64001524 210794960990 1977 11399
1525250667 19894 64015807 215786230145 2118 8398
1525250668 20326 63988951 216698564667 1949 12012
1525250669 20791 64009582 210502001332 1911 11845
1525250670 20764 64007968 210647325912 1364 11630
1525250671 20383 63976372 213647958082 1846 10562
1525250672 20467 64023323 213534214247 1947 13432
1525250673 21034 63996513 207104273107 1832 11806
1525250674 20776 63989876 206566064526 1884 8001
1525250675 20804 64001245 211574551699 1930 12386
1525250676 19383 63999447 462167475393 1938 54731
1525250677 20495 63991492 212725431786 1829 11169
1525250678 19985 63998790 217416104806 2112 12459
1525250679 21754 64011018 201585093852 1769 11784
1525250680 21396 64036330 204694172338 1824 12651
1525250681 20769 63956084 208751967484 1954 11731
1525250682 21322 64015803 203864670549 1758 11369
1525250683 20550 63990603 209341675921 2066 8872
1525250684 20332 63994885 211994233295 1928 9134
1525250685 20293 64004221 212001270751 2106 11126
1525250686 20336 64007940 211410099160 2094 9265
1525250687 21199 63989257 202802104045 1774 8371
1525250688 20933 63991188 208379824956 1821 12063
1525250689 19669 64011728 218648241610 2162 44111
1525250690 20433 63739045 208618951119 2114 8810
1525250691 20084 64254291 217412280863 2020 11271
1525250692 20691 64001696 208223919140 2047 8569
1525250693 20573 64020259 216089450097 2034 12480
1525250694 21420 63998727 203433835711 1886 10252
1525250695 21431 63993422 203173579866 1954 11740
1525250696 21417 64003920 201803334600 1885 9521
1525250697 20908 63980768 204864076960 2047 8175
1525250698 20858 64015674 206183907124 1788 8859
1525250699 21212 63988991 204550103935 1852 11297
1525250700 21614 63998317 198893056337 1874 8612
1525250701 20446 64010724 212460526696 1994 11177
1525250702 20675 64001962 207957541760 2070 8706
1525250703 21003 63987682 206818551970 1885 12777
1525250704 20699 64003861 207469979423 2131 9028
1525250705 20358 63999413 211519910439 2147 10972
1525250706 20650 63995590 211243241860 2105 12174
1525250707 20870 64015218 207752534150 2066 11465
1525250708 21206 64002082 203050091040 2054 8425
1525250709 21304 64001026 204005784112 1940 12478
1525250710 21014 63997950 208605762696 1888 11229
1525250711 19301 63996122 402808707610 2090 54044
1525250712 20478 63995011 210111823627 1601 8905
1525250713 20114 64007215 212063781545 2186 8275
1525250714 20395 63994730 209966007552 2200 8441
1525250715 20293 63994925 211781543277 2227 8596
1525250716 20291 64004699 212010936857 2185 8709
1525250717 21174 63991648 202742939042 2094 8167
1525250718 20760 64004991 207613633673 2029 8904
1525250719 20867 64002166 206715701490 2040 9385
1525250720 20977 64002816 204324242128 1986 8697
1525250721 21074 63991301 204870175393 2097 11917
1525250722 21196 64016824 202525430972 2154 8406
1525250723 21123 63977918 202903357128 2143 8482
1525250724 21157 64005711 202649421063 2000 8068
1525250725 21090 64007015 205402647017 1801 11158
1525250726 21158 64007637 204786257081 2073 11807
1525250727 21606 64000323 200951124833 1946 10957
1525250728 21431 63989425 201834423245 2071 10945
1525250729 20530 63988723 211518349969 2139 10989
1525250730 21206 64015433 203763251091 2049 11625
1525250731 21369 64021201 200694047599 1921 8465
1525250732 20852 63977601 207098126217 1929 12009
1525250733 20251 63996618 211086727236 2194 9485
1525250734 20843 64010496 208061472900 2033 11382
1525250735 21541 63886997 198427264975 2097 8007
1525250736 20384 64088149 212642855787 1847 11367
1525250737 19737 64023620 218187898616 2068 11908
1525250738 21226 63996578 201673768386 2055 8901
1525250739 21485 64001315 199468101165 2055 8156
1525250740 21235 63989214 204099549252 2013 11456
1525250741 20994 63992072 209968912318 1998 11428
1525250742 21118 63998788 204757096614 1738 11094
1525250743 21187 64012925 208046486913 2062 12523
1525250744 21442 64009398 201656811012 2035 10683
1525250745 21183 63993412 203360737544 2183 10824
1525250746 19741 63994351 417775962735 2116 55515
1525250747 21998 64011192 194793525848 1981 8150
1525250748 22000 64004711 194803253835 1954 8846
1525250749 21815 63993873 198459715857 2009 12056
1525250750 21385 63998106 202627230816 1883 11061
1525250751 21566 64004066 200500306762 1784 10935
1525250752 21189 64009894 202033350812 2135 8702
1525250753 21105 63987397 201572516249 2206 7200
1525250754 20863 64004511 206944332557 2171 10152
1525250755 20568 63973664 209925272798 2169 12159
1525250756 21627 64019305 200282811339 2034 12522
1525250757 21017 63989806 203355451724 2105 8511
1525250758 15599 47506314 150891753212 542 8006
1525250759 1200 80518911 93094013815733 2203 1208438
1525250760 20200 63962792 211700882074 2186 8822
1525250761 20243 64026614 211466052312 2231 9041
1525250762 20564 63986522 211485821958 2096 12502
1525250763 21698 64000710 197634443530 1998 7765
1525250764 21480 64001720 203634780690 2025 10652
1525250765 20595 64012062 210301871258 2155 11840
1525250766 21763 63994984 200820912966 1883 11666
1525250767 21499 63979397 202218508207 1905 11647
1525250768 20404 64042419 210542828959 2116 8810
1525250769 21435 63983157 199618546211 2113 8149
1525250770 21196 64004208 204301008722 2069 11641
1525250771 21090 63976140 203271738928 2105 8158
1525250772 21181 64003495 202601007065 2090 8180
1525250773 20244 64004231 211746473827 1597 9355
1525250774 20015 64032815 218520164467 2068 12118
1525250775 21122 63967400 206465316184 1947 12499
1525250776 21262 63999053 201851855087 2088 8334
1525250777 20427 64015443 216933635493 2059 12547
1525250778 20212 63990447 211804687903 2204 9026
1525250779 20723 63982382 209674468084 1986 10967
1525250780 21247 63993765 202039651987 1687 9661
1525250781 19597 64013149 464127952351 2007 80698
1525250782 21812 64019489 199038335711 1769 11887
1525250783 21320 63998844 201314231472 2145 9068
1525250784 21235 63984530 202946645694 1928 8449
1525250785 21232 64026405 202557360775 2072 9528
1525250786 20627 63985408 208007129430 2147 8458
1525250787 20348 63982806 211010930156 1947 10237
1525250788 21223 64023210 202210151906 2060 8330
1525250789 21709 63980886 199906011434 1991 11663
1525250790 20616 64007587 210871623231 2097 11737
1525250791 21792 64013647 196878436887 947 8441
1525250792 20964 63967286 207152611532 1943 11469
1525250793 20357 64028668 213395037552 1827 11146
1525250794 20454 63989706 209527902696 2104 8633
1525250795 20163 63998928 212201632532 2209 8364
1525250796 20089 64010596 213305916920 2233 9302
1525250797 20237 63993796 213989396776 2200 11757
1525250798 21526 63997174 199468543432 2012 8363
1525250799 21608 64010783 198889990473 1841 10899
1525250800 21423 63997641 200151097175 2076 9246
1525250801 21213 63994587 201792668769 2117 8848
1525250802 21297 64003171 201538227953 1681 7985
1525250803 20093 63988647 215278371837 2110 11256
1525250804 20754 64010229 208818823891 2090 11748
1525250805 20368 63985634 210089370474 2207 9512
1525250806 20586 64012602 215310950922 1982 11725
1525250807 21733 64010478 196872524286 2054 9723
1525250808 21207 64008326 202100694436 2129 8047
1525250809 21177 63970546 202258188952 2114 8642
1525250810 21154 64007759 202491386211 2192 8998
1525250811 20225 63989973 266467326291 2092 39541
1525250812 21230 64005132 202153496858 1925 8889
1525250813 21444 64016830 199887027962 2142 8172
1525250814 21255 63992567 202030567941 2109 8569
1525250815 20219 63979520 211727848658 2241 8305
1525250816 19512 64021354 259573722434 2035 30379
1525250817 21179 63998953 205586787361 1989 14530
1525250818 21026 64002309 206054910903 2070 10443
1525250819 20384 64004043 212824715965 2052 11060
1525250820 20695 63994078 208203524292 2125 11124
1525250821 20280 63981157 212830563413 2138 11009
1525250822 19410 64009194 219635663764 2309 9222
1525250823 19771 64001823 218644859493 2178 13044
1525250824 20766 63919178 205912967250 1522 8401
1525250825 20893 64075378 207998140236 1241 14049
1525250826 21791 64007225 198423204379 1848 12570
1525250827 20856 63986869 207274390361 2121 13236
1525250828 20902 64019739 207169965693 2158 10186
1525250829 20529 63993733 212448258213 2131 12057
1525250830 20968 64013733 204406883341 2155 8221
1525250831 20904 63976738 205382365728 2137 8576
1525250832 20834 64027191 205095371733 2230 9176
1525250833 20909 63996476 204483916948 2215 8368
1525250834 19299 64006784 350710132370 2229 44430
1525250835 17213 63993321 575788015431 2112 40575
1525250836 17096 63997852 629542776756 2100 42542
1525250837 17532 64000053 591890255591 2153 42513
1525250838 17030 63991633 645582520407 1951 43698
1525250839 17001 64014518 575061383740 2113 42361
1525250840 18026 64006223 547885012927 795 41323
1525250841 17644 63572206 517113119712 2123 38457
1525250842 17266 64402497 583089943577 2084 37548
1525250843 17910 64003569 556424876907 2064 42991
1525250844 17485 63460622 514665596476 2126 40331
1525250845 17450 64532577 576159703463 2155 48324
1525250846 16981 64012036 558386197242 2060 37515
1525250847 17851 63998793 533738063659 2015 37854
1525250848 17419 63999575 560649959375 1930 39548
1525250849 18052 63980157 500039870971 1059 37980
1525250850 17672 64022091 493898417893 1857 36134
1525250851 16996 63059043 770816233689 1943 79945
1525250852 18094 64944746 489826968144 2163 35335
1525250853 18015 63988911 499162497557 1137 37496
1525250854 17153 63997800 596327465854 1903 45367
1525250855 18709 64009735 454237737379 2013 34546
1525250856 17845 62810781 482169390319 1950 35808
1525250857 17560 65188538 558309939242 834 38658
1525250858 17839 63982476 493666900344 2151 38915
1525250859 18471 64014491 510550805895 2056 43279
1525250860 17691 63993487 523020240071 2044 35414
1525250861 18017 64009412 517030940776 1940 40550
1525250862 17807 63990893 530560267913 1807 38715
1525250863 17609 62056840 454093121448 2063 36355
1525250864 18253 65935721 550799507569 969 36999
1525250865 18518 64003491 481856655293 1961 35248
1525250866 17898 64021744 516166096036 568 36502
1525250867 18239 63998323 475671639051 2084 35104
1525250868 17783 63980252 486712432710 2005 35146
1525250869 17828 63402946 504221435924 2130 36576
1525250870 17339 64597695 562425778569 2070 40075
1525250871 17894 64009699 499339756317 2053 41346
1525250872 17956 64001223 498870285521 1986 37787
1525250873 17914 63994995 539149096331 2017 41467
1525250874 17888 62615572 463833386950 1896 35974
1525250875 18324 65384278 566563805178 2038 42128
1525250876 18003 64018537 468863433381 643 36307
1525250877 18417 63976822 456967590938 2147 37645
1525250878 17971 63998249 491532299361 1994 38340
1525250879 17415 64025980 484125118998 2074 35421
1525250880 17496 63245478 522808421890 2049 36861
1525250881 17319 63918328 519701323320 839 36957
1525250882 17781 64822470 555319890054 1956 39007
1525250883 18223 63971957 458812187105 2123 39233
1525250884 17891 64021559 508144487507 952 39792
1525250885 18090 64022549 497058044181 2047 38510
1525250886 17709 63975264 498249343156 2050 37420
1525250887 18042 64003963 484747938049 1492 38438
1525250888 17656 64013135 484619411193 1274 37027
1525250889 17913 63990868 474139567260 2075 37292
1525250890 18203 64003190 478292892822 1990 35461
1525250891 17946 62773012 464500823606 1959 35597
1525250892 18137 65233204 539713504316 1966 35294
1525250893 17650 63982823 500986256871 1287 37238
1525250894 17522 62687985 466120855879 2002 38010
1525250895 18118 65343345 571489463875 1899 37783
1525250896 17959 63970172 496685970818 2058 36487
1525250897 17647 62344197 434143816239 2208 35044
1525250898 17925 63686988 493321466608 2083 37993
1525250899 17996 65097053 501202051011 2073 38502
1525250900 17991 64829469 470638368343 2071 35493
1525250901 17863 64059144 484006161382 2116 36671
1525250902 17966 63981254 496118342584 2058 37384
1525250903 18139 64012091 476582433687 2115 36719
1525250904 17922 63988234 461665555952 922 34016
1525250905 18356 63841247 457465431047 1757 35970
1525250906 18078 62748284 450852834506 2015 34254
1525250907 18218 64228246 470184806792 2057 35009
1525250908 18207 63444634 436124015812 2028 35373
1525250909 18634 65736710 520322666432 1909 34457
1525250910 18154 64008259 446800919381 1310 34668
1525250911 18153 63997331 484353092297 2101 37840
1525250912 18301 64003057 453684917067 2054 33876
1525250913 18819 64017168 444845962614 1880 33137
1525250914 18479 64001533 431384781973 1702 33392
1525250915 17999 63986372 437561199328 2098 32979
1525250916 17530 62737934 451561278508 2061 38654
1525250917 18601 64533260 443563036524 1932 33834
1525250918 18301 63941383 441606149957 2063 35506
1525250919 18300 64787323 473839301607 1673 35675
1525250920 18093 63998634 417722063824 2197 31438
1525250921 17491 64009239 487498846001 1528 35990
1525250922 17806 63986536 441641891992 2259 35014
1525250923 18625 64002713 444254374203 950 35345
1525250924 18345 63990923 423835132775 1816 31864
1525250925 17946 62522058 387389536996 2196 34720
1525250926 18405 65497272 477365285106 2063 35774
1525250927 17880 63985840 454206973422 2124 33859
1525250928 18029 64000282 434531861984 2171 32438
1525250929 18075 64001503 450361471793 2039 34083
1525250930 18346 64018579 492296124951 2080 38225
1525250931 18463 63977960 417263098004 2126 32002
1525250932 18315 62899114 419507473380 1037 34706
1525250933 18644 65077825 436651753885 2236 35136
1525250934 17925 64005654 458592976150 1991 33722
1525250935 17841 64010766 448617316164 1468 36447
1525250936 18138 63867342 437374707024 1890 33691
1525250937 18633 64109135 387566344597 1610 32700
1525250938 18322 64020986 444386861716 1192 34177
1525250939 18269 64008502 441372989786 1776 34071
1525250940 17867 64012204 461193683576 2142 33439
1525250941 18638 64002548 400643374478 2121 30878
1525250942 18489 63284676 406621989474 2090 34946
1525250943 18841 64699665 415169132253 1972 30942
1525250944 17702 63990894 475839257058 665 35649
1525250945 18355 64021179 422479387081 1416 33016
1525250946 17985 63881430 460043859338 2108 35990
1525250947 18085 64086197 460247808587 1946 31813
1525250948 18464 64028970 426397664726 2018 33138
1525250949 18788 63989193 440835161909 1348 32698
1525250950 18815 64004095 431612492163 2007 32764
1525250951 18404 63997717 472702915545 1995 35822
1525250952 17070 64009486 449718859508 747 33964
1525250953 18148 64001595 453506428673 1411 33488
1525250954 17864 63992252 465971075708 1623 35506
1525250955 18656 64014466 412295533780 1865 35268
1525250956 18112 63963958 449190322408 1844 35548
1525250957 18300 64003225 456138209695 2120 34851
1525250958 18252 64015359 459698054403 2071 34434
1525250959 18468 63998391 415716474521 2107 36402
1525250960 17392 63992269 514123038401 2251 36960
1525250961 18139 63992659 428845468631 2104 33974
1525250962 18093 64040167 458251017439 1773 39285
1525250963 18033 63980770 429633454064 2021 35204
1525250964 18401 63906781 445081552119 1965 33396
1525250965 18589 64086304 408374639338 2206 33734
1525250966 18555 64023986 448026707864 2093 36625
1525250967 18096 63363070 463448440074 1919 38009
1525250968 18488 64602066 405973672156 2195 33748
1525250969 18141 64014477 489945634179 2127 36944
1525250970 18693 63852063 410354209259 1700 36128
1525250971 17863 64143743 464036445609 2061 33725
1525250972 18454 64015740 456363703932 2088 34246
1525250973 18425 63978956 417699579932 2174 36156
1525250974 18237 64021573 500344028437 1791 36389
1525250975 18193 63949389 442927449667 2113 34602
1525250976 18828 64031461 421718641163 2029 35572
1525250977 18153 64000551 465539395593 2039 35300
1525250978 18427 63997257 448477870325 2172 37089
1525250979 17846 64023878 465700308840 2244 38939
1525250980 18380 62386308 388918203338 2130 34251
1525250981 18743 65622518 505707404400 2094 36210
1525250982 11522 63971825 714936039537 1940 58871
1525250983 18091 63873994 452848109216 2281 38284
1525250984 18170 64133422 515149582016 2163 38379
1525250985 13541 64006956 1195289780662 283 134736
1525250986 18360 63996033 507000701645 2046 38291
1525250987 16415 63571093 494141440457 1950 38782
1525250988 13833 64422959 578783665379 620 49674
1525250989 17790 64003789 533106141747 2080 39441
1525250990 18715 63776644 414220939156 2229 33816
1525250991 18169 64215234 499373324862 2023 41622
1525250992 18331 63379603 420660719909 2254 36166
1525250993 17981 64621981 512081218495 2027 37511
1525250994 18827 64021294 434320576136 2048 39632
1525250995 17820 63983980 496962309062 2118 43318
1525250996 18870 63996334 414579442280 2120 34211
1525250997 18490 64006729 514926018801 1769 41080
1525250998 18748 63327107 407034652665 1734 37040
1525250999 18719 64676553 485059506121 1828 39054
1525251000 18064 63993818 509714499904 2080 40374
1525251001 17959 64010780 488652294764 2104 36743
1525251002 18821 64000223 429803298599 1407 36255
1525251003 18032 63975437 521309376761 1986 39736
1525251004 18777 63993129 425567552611 2040 36749
1525251005 18116 64026913 482900543769 2145 37559
1525251006 18447 64003094 397642698234 2205 31906
1525251007 18117 62392075 437025830305 1879 36662
1525251008 18773 65604388 498781189520 2168 35001
1525251009 18479 62863182 433345881446 2123 38475
1525251010 18453 65116084 484423022394 2140 36284
1525251011 18773 64000059 420690082119 1802 34703
1525251012 17922 64016120 509367553668 2057 37423
1525251013 16148 64007384 472838907960 1128 33953
1525251014 17951 63992071 498648391475 2145 38460
1525251015 18587 63998383 430418196773 1390 36290
1525251016 18515 64002997 436543945867 1851 36694
1525251017 18100 64013961 463908119545 2214 35943
1525251018 15554 63762635 461035785765 1141 37700
1525251019 12188 64202812 643478500676 560 56427
1525251020 18405 62803171 425852104535 2230 36540
1525251021 18323 65211801 504500263475 2200 36517
1525251022 18631 64006496 427766578572 2007 34790
1525251023 18642 63988667 425175781445 2074 39044
1525251024 18351 63993107 493923225525 2031 36368
1525251025 18873 64006027 425537492789 2183 35381
1525251026 18773 63745289 421982420051 2081 37413
1525251027 17613 64249265 498009707681 2260 41272
1525251028 18681 64003592 421626539140 1605 34412
1525251029 18921 64019862 406571223494 2109 35132
1525251030 18679 62467230 418105755728 2033 35541
1525251031 19031 65527501 451049814977 2147 33661
1525251032 18464 63995125 445406802941 2151 37040
1525251033 18231 63990017 411660307401 2052 36045
1525251034 17824 62656774 419954194676 339 34817
1525251035 19007 65362443 448153873827 2088 35204
1525251036 18787 63989175 404901837733 1986 33963
1525251037 18569 64002049 394470813097 2114 32303
1525251038 18242 62568562 422677161928 2067 37845
1525251039 18750 65422044 471206871192 1982 33734
1525251040 18361 63995323 450990730415 2200 40215
1525251041 18438 64019810 420659670882 2164 34464
1525251042 18694 63999923 423045670809 1896 36523
1525251043 18390 62108552 431787773696 2062 35613
1525251044 17852 64416104 489932699046 788 36497
1525251045 18429 65467169 450592851329 2225 34809
1525251046 19506 64010495 413853136285 1856 38184
1525251047 19083 63987963 403231837327 2098 33438
1525251048 18299 62761567 423407258389 1874 36958
1525251049 18793 65256457 458070315571 1817 36721
1525251050 18579 63988576 423411908572 2189 37593
1525251051 18544 63973255 460062371475 2171 37949
1525251052 18772 64041468 435465333300 2182 36177
1525251053 18742 63989754 466727680214 1996 42797
1525251054 18035 63985554 449564664930 1790 34709
1525251055 18698 63997230 420927399376 2203 35676
1525251056 18915 64021783 421861436509 1974 38358
1525251057 19041 63987442 404287265606 2111 36299
1525251058 18797 63521690 442551196366 2091 37188
1525251059 19108 64480894 463128980354 1993 34368
1525251060 19095 63996805 430302376299 2046 37699
1525251061 19124 63995389 424244085125 2017 36658
1525251062 18878 63858922 430578773206 2124 35942
1525251063 18562 64136378 468950054582 2043 37702
1525251064 18506 64001334 420787016262 1432 35577
1525251065 18411 64022925 428672230925 2156 35862
1525251066 18478 63980150 413526854998 2169 34620
1525251067 18714 64010497 405261215765 1866 33476
1525251068 18630 64005266 416191552198 2151 34614
1525251069 18602 64008942 438924090990 2191 35760
1525251070 18767 63974830 416652987406 2113 35768
1525251071 18718 62572811 388722313527 1735 35751
1525251072 19428 65434342 431748128216 1918 32548
1525251073 18694 63995411 417067702347 2148 35784
1525251074 17537 64010514 495670514154 2133 36062
1525251075 18566 63979781 426330400697 2059 36848
1525251076 18971 64000437 419292468939 2157 36288
1525251077 19016 64026490 412183092818 2272 35246
1525251078 18758 63978317 415674547469 2125 36994
1525251079 18420 64013868 443043235922 2258 38440
1525251080 18689 63987827 437712191891 1963 40103
1525251081 18365 64014138 456617149872 2197 36956
1525251082 18581 63999456 469810469578 2136 41475
1525251083 18308 63986398 440835948540 925 36021
1525251084 18364 62657174 417015916008 2276 39540
1525251085 18929 65338560 488610282200 2160 37280
1525251086 18716 64016546 401144550334 2284 37310
1525251087 18056 64019007 454715858695 2214 38925
1525251088 18362 63958635 512910101889 2116 40402
1525251089 18773 64029136 454908421668 1860 41664
1525251090 18568 63998091 469822971205 2100 39326
1525251091 19203 63978744 438427118548 2105 37313
1525251092 18647 64005491 437861280113 2082 35497
1525251093 18749 64025455 431366392567 2206 37241
1525251094 19138 63970864 457622927374 2124 38537
1525251095 18910 64007744 458632941886 2177 39516
1525251096 17718 63994884 673374713518 267 63060
1525251097 18657 64007164 478260169174 2127 42224
1525251098 18628 63015071 415041244823 2314 39511
1525251099 19142 64257973 422911798139 2089 35883
1525251100 18960 64724251 444790749885 2146 36801
1525251101 18798 64022469 477300278833 1564 39277
1525251102 18331 63978809 466861075857 2109 37058
1525251103 18148 64010939 430473626195 2295 35763
1525251104 18188 63992597 493767021877 2063 37954
1525251105 19157 63999010 449526617924 1632 39976
1525251106 18718 63990189 475456765561 1999 40574
1525251107 19122 63251911 405746378703 2134 38284
1525251108 18801 64749330 419184171932 2263 35662
1525251109 18753 64015854 448276429242 2087 36255
1525251110 18784 63967124 434132467524 2200 36246
1525251111 18819 64028692 475158596526 2131 40220
1525251112 18668 63994127 432837358741 603 35443
1525251113 19397 64012511 445790546109 2146 38047
1525251114 18322 63983895 436977721661 2192 38030
1525251115 17994 64013838 458866046348 1704 37435
1525251116 18462 63990873 435020791415 2101 39258
1525251117 18780 63942845 468910054787 1878 36851
1525251118 18324 64069125 441865957719 2148 35606
1525251119 18551 63980512 428336003472 2190 37003
1525251120 18510 63975409 410698841325 2279 34343
1525251121 18578 64028419 416090286231 2168 36008
1525251122 18615 63987697 431049080637 2094 36744
1525251123 19474 64008937 395710252255 2044 34329
1525251124 18279 63997957 437033389355 2120 34769
1525251125 18733 64006933 404741941497 2059 35897
1525251126 19429 64004750 385738319994 2056 34354
1525251127 18988 64001783 380586687449 2171 33043
1525251128 19737 63991388 370882304474 1928 32131
1525251129 16709 63745984 459859477076 2151 35973
1525251130 18718 64265807 401990923225 2046 34959
1525251131 19749 63998523 413159355751 1844 37200
1525251132 18906 64003724 428927679132 2063 38300
1525251133 18880 63974708 408666420332 2118 33254
1525251134 18709 64010118 411640099468 2112 35078
1525251135 8580 63880086 660586093452 1524 49573
1525251136 15990 62460694 472558150864 2081 34799
1525251137 19373 65007135 397896438091 2151 33210
1525251138 19368 64658700 398880402956 2163 34070
1525251139 18484 63997779 430352235745 1306 36398
1525251140 18523 63985947 432413875689 2176 36462
1525251141 9379 64032193 823160730685 1871 61435
1525251142 8518 63965726 842900915588 2283 75650
1525251143 18618 64021302 421676008466 2044 35754
1525251144 18389 64017648 439793979338 2163 36577
1525251145 18514 63936710 408197316872 1008 35486
1525251146 19576 63572194 329155811310 2005 31407
1525251147 19669 64457420 392615944764 2112 33505
1525251148 18668 64006641 406835721593 2056 35542
1525251149 19395 63993176 394879182554 2031 33419
1525251150 19262 64008563 398527205711 2078 36991
1525251151 18768 63992438 417915603240 2210 37195
1525251152 19346 64010825 362740521123 2100 34679
1525251153 18788 63994731 389900804743 1861 34830
1525251154 18306 64013898 398261687066 2107 34949
1525251155 19240 63996729 349835719675 2054 34185
1525251156 19023 63998623 402515796863 2008 34677
1525251157 18766 63992689 398882586731 1990 32708
1525251158 18894 64000042 397377676248 2167 33721
1525251159 18708 63969251 396523487299 2126 35766
1525251160 19392 64043547 355037763751 1850 36476
1525251161 19115 63995383 393077792171 2108 35013
1525251162 18667 64016691 408369022229 1614 34240
1525251163 18744 62139647 343252131079 2136 32681
1525251164 19181 65844056 419970305418 2094 34305
1525251165 19045 63985185 389127271997 1606 32122
1525251166 18876 63993426 411437332334 1900 35065
1525251167 18758 63833664 371991336404 1974 35557
1525251168 18735 64182320 427597448286 2064 32917
1525251169 19155 62922987 344241105501 1918 34441
1525251170 19012 65086540 410396480040 1916 35631
1525251171 18646 63968215 449202777971 1988 40688
1525251172 18657 62454645 368622903319 2088 35186
1525251173 19086 65560532 450237667202 2206 37780
1525251174 18816 63998989 393198960461 2113 34616
1525251175 18786 63407660 380625011900 1561 37716
1525251176 19176 64599235 422750634911 2148 35618
1525251177 18560 64005852 404059827906 2196 33844
1525251178 19446 64007477 346752931481 2184 34310
1525251179 18982 64008132 415197818042 2169 34783
1525251180 18893 63970312 401440647830 2071 34870
1525251181 19533 63272560 343023091432 2085 34701
1525251182 18467 64728595 412926270565 2347 33331
1525251183 18705 64003937 395580109457 2266 31788
1525251184 19303 63983792 350564583230 2060 34026
1525251185 18959 64017039 400677642609 2046 33112
1525251186 19159 63561177 354988062319 2107 34293
1525251187 19420 64466670 394889780900 2147 32894
1525251188 18668 63981409 406776607143 2200 37623
1525251189 19695 63986820 328173218606 1995 32285
1525251190 18791 63997226 427229705442 2005 35027
1525251191 19312 64009446 358960282626 2227 34831
1525251192 18748 64000168 396962250532 2097 34132
1525251193 19507 63995332 347324379616 2263 35338
1525251194 18765 63993510 396391173188 2017 34764
1525251195 19156 64001631 359349193713 2212 36533
1525251196 18634 64018907 447834114609 2233 37435
1525251197 19366 63985901 402310519571 2160 39709
1525251198 18574 64005844 464163676614 2164 37524
1525251199 19342 64000222 377389875364 2171 37882
1525251200 18353 64002459 438426726975 1647 36349
1525251201 19078 63994479 391231342167 2106 38978
1525251202 18956 63222449 383090332433 1357 37758
1525251203 18209 64785909 450195732215 794 34752
1525251204 19181 63998104 369230711464 2125 36137
1525251205 18954 63974063 428607835117 2201 37570
1525251206 19414 64025593 363950518209 2091 33952
1525251207 18618 63999399 440540880665 2168 38716
1525251208 19256 63978323 354817649037 2211 36290
1525251209 18971 64032902 423044108180 2174 37124
1525251210 19235 64003900 380150386662 2153 37502
1525251211 19225 63986681 395355268705 1301 35680
1525251212 19433 63997059 393245254065 1732 37406
1525251213 18617 64031330 453738731432 1413 36505
1525251214 19595 63974055 377690825145 2076 38046
1525251215 19017 63983983 370114202823 1986 37153
1525251216 18562 63989750 444533064496 2206 40137
1525251217 19483 64033846 362006704358 848 35139
1525251218 18648 63972667 442265447121 2026 37623
1525251219 19111 64010779 391426174503 1339 37331
1525251220 18815 63749712 403665171276 2267 37342
1525251221 19008 64258954 416154290976 2234 33924
1525251222 19401 64006828 375068514222 2207 39067
1525251223 18982 63984264 424933609994 2198 36039
1525251224 19558 64000182 373012410182 766 35490
1525251225 19097 63363838 372290221364 1995 36417
1525251226 19313 64639010 432581517178 2120 38424
1525251227 19663 63870691 374267555499 2122 39601
1525251228 19252 64129405 446452643447 2106 41192
1525251229 19695 63997826 332164785682 2202 32647
1525251230 19273 64011038 414979385390 2090 38528
1525251231 19489 63994630 361256792804 1615 35784
1525251232 18296 63997570 505977843384 2150 42368
1525251233 19230 63999431 380117423075 1156 35957
1525251234 19417 63988328 370568928022 2156 36683
1525251235 19600 64004251 415107899795 2136 38063
1525251236 18856 64000314 394566469334 2176 37159
1525251237 18694 63990578 440911921288 2126 36938
1525251238 19079 63997151 407908201035 700 36466
1525251239 19376 64010867 382886540631 2078 38636
1525251240 18891 63980676 410313637144 2049 34097
1525251241 19242 64020809 389732972571 2129 36049
1525251242 18865 63997110 397100524328 2096 39786
1525251243 17960 63966452 476412444738 2244 41446
1525251244 19313 64037895 382792102941 2218 36010
1525251245 19413 64012353 367244662123 2091 34641
1525251246 19198 63309524 367355689558 587 36291
1525251247 18720 64686440 447940920962 2069 36192
1525251248 19498 63997184 400242272388 2047 37824
1525251249 19567 63997928 388176910208 2058 38640
1525251250 18572 63991884 454803617116 2160 38336
1525251251 19250 64001407 372137418801 1815 37138
1525251252 19311 63977760 397711145266 1416 37603
1525251253 18644 64047720 427327159740 2095 37534
1525251254 19156 63972083 369664661507 2220 38232
1525251255 18714 63997130 406510225292 2115 38713
1525251256 18982 64004001 389872556255 2187 36504
1525251257 18859 62194675 372179182333 2128 41038
1525251258 18884 65810100 439052244238 1710 37208
1525251259 19397 64012247 367236086121 2015 34977
1525251260 19080 64001857 380690586447 2127 37560
1525251261 18900 63966909 463539706345 1451 39563
1525251262 19624 64025105 361129069365 2111 34821
1525251263 19330 63986462 393647883290 2135 37025
1525251264 19421 63910489 371696273885 1244 36301
1525251265 18556 64094528 443991562984 2075 38477
1525251266 18710 64011417 418522073237 2226 44878
1525251267 19284 63990614 401611367736 2225 38738
1525251268 19136 64001564 363463255452 2245 37617
1525251269 19307 64007043 371174404571 2214 36807
1525251270 18444 64004746 459944455840 2108 43246
1525251271 18659 63987888 409665657714 1718 40060
1525251272 18826 64010946 422571947072 1877 39450
1525251273 18622 63993765 529802753785 2155 60953
1525251274 19210 64012559 422973603919 2120 40241
1525251275 19263 63978456 443960204110 1384 42105
1525251276 18588 63843892 438848094966 1963 43481
1525251277 18722 64169307 451876724747 2045 36840
1525251278 19033 63992303 413574109643 2159 38437
1525251279 18933 63987131 415963693547 2184 37648
1525251280 18342 64018752 521353114882 705 42238
1525251281 18782 63989303 406971588629 2209 37512
1525251282 18986 64023061 424940268379 2199 43740
1525251283 17771 63969999 499235822611 1847 39229
1525251284 18674 63996280 410936449708 1740 41792
1525251285 19528 64034875 363574468279 956 35561
1525251286 19159 63979848 368115574346 2078 35989
1525251287 19102 63999226 407722316722 1988 40143
1525251288 16074 64002426 470024871906 654 38396
1525251289 18899 63995261 368933809901 2260 36143
1525251290 19329 64006141 364106030423 917 35471
1525251291 19074 63985224 389821136184 2145 37008
1525251292 19192 64003480 441072492704 1721 38549
1525251293 13165 63683166 603711896340 1922 63272
1525251294 16871 64329182 400916704514 664 35951
1525251295 18819 63982899 466390259647 1835 38818
1525251296 19545 64003634 371811443296 2072 35210
1525251297 19231 64023403 377389249895 2248 36192
1525251298 19061 63993969 419627407577 2032 40076
1525251299 19028 63987752 387289146704 758 38328
1525251300 18712 64015119 433121729249 2235 42312
1525251301 19022 63993571 436268636197 2105 42483
1525251302 18201 62399241 436633121605 847 46478
1525251303 18813 65601105 466362221669 1520 40684
1525251304 18783 63980582 397733360012 2219 35836
1525251305 19007 64028372 428069685276 2208 41631
1525251306 18741 63983321 465338644993 2065 44506
1525251307 18799 63998214 444233689736 2247 40725
1525251308 18839 64019659 467735710221 2169 47754
1525251309 19208 63991974 385795268924 1665 36115
1525251310 18933 63960328 403514298842 2183 38325
1525251311 19109 64023666 414617497190 2074 39184
1525251312 18719 63303345 399375806003 2316 39799
1525251313 18904 64683334 434154115702 2283 37375
1525251314 19073 64030572 376936017000 2153 36011
1525251315 19084 63973188 367227145312 2220 36338
1525251316 19565 64020912 380471866544 2120 36001
1525251317 19185 64010702 401373238290 2026 37724
1525251318 19132 63972645 358591230945 2046 33882
1525251319 8718 60372220 709859948758 1751 37857
1525251320 14567 67645129 915285427309 2199 76662
1525251321 19080 64004009 391698056121 2203 38263
1525251322 19216 63983853 369194918335 2177 34752
1525251323 18988 64028329 385950379761 2230 37064
1525251324 18974 63988364 405819324026 1993 40181
1525251325 8232 63443265 943406801015 2268 71628
1525251326 16187 64548507 504630913855 2016 52054
1525251327 19473 64000434 365106076086 2020 36885
1525251328 19423 63993350 371804741464 1942 35803
1525251329 19474 63893679 358523297877 2178 35472
1525251330 19112 64121238 407502600456 1899 41398
1525251331 18846 62284970 388452433870 1808 37369
1525251332 19128 65711079 465197799025 1101 38586
1525251333 19275 63991121 375221848903 1973 34904
1525251334 18883 64002967 393613864805 2255 38350
1525251335 19052 64011493 372651597153 2254 36701
1525251336 18666 63980436 415494687818 2170 37778
1525251337 18858 64018188 382365121072 2300 36254
1525251338 18969 63956691 362493729803 2282 35362
1525251339 18837 62624922 308498395834 2031 35381
1525251340 19186 65414432 397873053604 2165 37422
1525251341 14275 63980569 704160572231 2005 48462
1525251342 19114 63997252 395242726548 1796 39017
1525251343 19211 64026890 437139845726 2172 40527
1525251344 19013 63989700 408628718006 1011 37266
1525251345 19245 64007908 376540366822 2073 36524
1525251346 14773 63992560 609273571088 1868 65383
1525251347 19670 64009725 357003128505 2192 34467
1525251348 19264 63978624 378183258534 1953 36312
1525251349 19098 64027193 372216829587 2158 37202
1525251350 18976 63986189 413953669731 2290 42299
1525251351 17266 63988823 682371373091 1947 77740
1525251352 16919 64015055 457289890975 1893 43471
1525251353 19122 64009130 426511612284 1812 42137
1525251354 18892 63977302 431818975386 1991 41954
1525251355 18617 64004145 418845716633 2260 41693
1525251356 19168 63985292 367339575236 1221 35687
1525251357 6951 63262006 917943098388 1914 56697
1525251358 10238 63250758 750302372030 1262 40095
1525251359 19461 65502170 412086077760 918 37313
1525251360 19023 63418064 389061021040 2041 40505
1525251361 19220 64490918 409229862118 2223 37887
1525251362 19218 64086293 365172151859 1814 35986
1525251363 19638 64019055 389393090407 2162 37289
1525251364 19030 63988372 388645170208 2235 38593
1525251365 19188 64006438 435875011378 2065 41105
1525251366 18834 63982153 411268494157 1945 38270
1525251367 19115 64012396 403384966296 1995 38805
1525251368 15066 64008070 878090004054 1613 82510
1525251369 19081 63985400 363884314878 1962 35938
1525251370 18667 64005204 477611585600 2236 46095
1525251371 19096 64007514 428031805302 2189 40103
1525251372 19360 63986054 407813471268 2218 49091
1525251373 16360 64017809 517671343397 1308 39787
1525251374 19034 63998667 393778251453 2352 39811
1525251375 19471 63977450 372761492312 1501 43617
1525251376 19020 64008728 398685611930 2084 38388
1525251377 18590 64017149 418277038365 2267 40873
1525251378 18847 63999444 378939419198 2239 36424
1525251379 19154 63997627 375002340591 2092 35046
1525251380 19569 63991956 314285654990 2150 35804
1525251381 18897 64000915 390484239543 2262 37108
1525251382 19099 64000520 397073756166 2263 39409
1525251383 18758 63735465 377049020723 2149 35733
1525251384 16783 64247509 426576662305 2103 38393
1525251385 19103 64014674 407428418190 2013 38914
1525251386 19184 64011444 393421622162 2140 36239
1525251387 19234 63981919 407183281233 1451 38686
1525251388 19570 62795287 315324138633 2094 34733
1525251389 14493 65212591 642597203531 571 42292
1525251390 19577 63980142 343930269542 771 39836
1525251391 19043 64025807 410855994723 1188 40875
1525251392 18977 64017218 425009396620 2083 39779
1525251393 19416 63990472 386749697004 2172 38935
1525251394 19249 63995467 377920573333 2192 36694
1525251395 19506 63978201 393822075085 1048 46453
1525251396 18985 64005868 467945136422 1808 44503
1525251397 18901 64014339 448539268119 1746 42157
1525251398 18879 64004889 434327064209 2086 39166
1525251399 19321 63985848 393835712360 2119 44452
1525251400 19072 63980954 426227072278 1039 44232
1525251401 19114 64015628 459434146124 1125 48339
1525251402 19231 64036523 408354721765 1977 42853
1525251403 19787 63429511 329817729533 2106 36958
1525251404 17813 64527886 676551723818 325 63380
1525251405 19275 64014189 390799289381 902 39519
1525251406 19264 64007743 436957530099 1792 43235
1525251407 19622 63991872 357951391540 2136 40356
1525251408 18854 63990439 425459220931 2147 43058
1525251409 18897 64008578 397512487576 1754 37741
1525251410 18450 63994908 523106091786 1303 48692
1525251411 19348 63988612 351101011532 1750 40895
1525251412 19084 64023013 466096960085 1104 42185
1525251413 18852 64006568 419345177732 2303 42240
1525251414 19156 62561560 386245434428 1873 49345
1525251415 19671 65431042 463411884962 1997 45342
1525251416 19007 63989827 433912627233 1239 44324
1525251417 19038 64003567 460801730517 1733 47362
1525251418 19442 64011342 412172564806 2027 45604
1525251419 18872 63982178 448987564616 1769 49571
1525251420 18847 63985451 400429568701 2169 39059
1525251421 19175 64032179 386026662623 2192 49305
1525251422 18617 64000061 491399318277 1421 47329
1525251423 18573 63990695 487947522173 996 44672
1525251424 19224 63993880 373743726424 1701 41382
1525251425 18527 63977046 478258957776 1589 46302
1525251426 19501 64028004 338283390932 1625 39370
1525251427 18944 63993527 460005600325 683 44763
1525251428 18951 64011502 481014525228 1348 44399
1525251429 19154 63991710 412898708042 885 46105
1525251430 18921 64013869 433741773341 1490 43401
1525251431 18514 63981096 461474772936 958 44244
1525251432 19454 63989350 384594020970 1345 48630
1525251433 19144 64032166 453909083900 812 40795
1525251434 17363 63997470 626582581774 1779 58164
1525251435 19565 63984115 351777219873 1684 42899
1525251436 19440 64003259 419747366155 1961 42536
1525251437 19311 64012371 400272226655 1880 36700
1525251438 19864 63910085 337905441833 2030 36806
1525251439 19393 64094867 407025671901 954 43825
1525251440 19720 63978332 348569528368 2055 35553
1525251441 19514 64001997 393424532025 1048 39694
1525251442 19665 64003814 322493125100 2033 36786
1525251443 19777 63994361 394493390769 1705 41369
1525251444 18787 64010773 499675901367 2229 45415
1525251445 19604 63989722 379445167722 923 46187
1525251446 19022 63993310 391509671744 2131 35707
1525251447 19394 62959533 344022229045 1707 42802
1525251448 19614 65051077 407508495865 2006 39139
1525251449 18987 64014528 467709203884 1973 49297
1525251450 19283 63992356 365203875172 2152 42537
1525251451 19149 63982407 408251319489 1912 38953
1525251452 19124 63990232 414973088180 1479 47357
1525251453 20037 64018080 329110250794 1518 36863
1525251454 18822 64009105 462119966907 2089 42160
1525251455 20036 64005935 324401793867 1793 40258
1525251456 19553 63992100 427936628274 1611 40883
1525251457 19048 63998720 427646813410 1427 41802
1525251458 19408 63983341 373537499973 1649 42883
1525251459 19046 63998210 451388413382 1582 43835
1525251460 19701 63536361 301576949575 1966 35066
1525251461 18935 64474210 433638957874 1009 42677
1525251462 18900 62239545 372968044267 2135 43117
1525251463 19532 65772310 427724448966 2173 40499
1525251464 19061 64009055 448300751953 2143 42597
1525251465 19582 63995569 375319269943 2175 44068
1525251466 18954 64009940 442500193242 1513 41379
1525251467 20436 63988881 336070943669 1719 40500
1525251468 19334 63996969 384250103801 1912 37395
1525251469 18786 64002008 439241575892 2030 39568
1525251470 19241 63982965 406404763997 2019 40280
1525251471 19278 64051303 426251087099 2048 40027
1525251472 19505 63964724 326285635330 1631 37286
1525251473 18671 64001614 432192030482 2170 44890
1525251474 19450 64014064 376128004344 2008 41151
1525251475 18889 63989147 415643595921 1457 39213
1525251476 19363 64012639 352882318443 1956 40944
1525251477 18587 63955429 407612126775 1317 39107
1525251478 19041 64029805 378326768021 1912 36662
1525251479 17418 63852988 418760582196 2208 34161
1525251480 15722 64143939 519846470917 2115 41824
1525251481 19067 63988353 414920070517 2075 40240
1525251482 18921 63982683 386709284947 1433 40499
1525251483 19586 63739926 342520388074 1325 39815
1525251484 18426 64277385 422105990161 1658 38399
1525251485 19325 64003793 375544490261 2134 38152
1525251486 18749 63986903 412830321581 2011 42129
1525251487 19691 64014516 339478461642 1804 37723
1525251488 18605 64007344 440512843968 1847 42248
1525251489 18822 63986644 415506134802 1067 40527
1525251490 19714 64013028 316885130468 1971 35359
1525251491 18590 63999837 431795673931 1879 42946
1525251492 18668 63995003 405015373591 1620 38605
1525251493 19162 63996036 350809405490 2019 39539
1525251494 18818 64000825 456403201617 1702 44186
1525251495 19186 63994657 447838230311 2057 43025
1525251496 19044 63073378 366104366064 2014 40186
1525251497 18840 64917721 429660780429 2203 43230
1525251498 18867 64006060 420385766886 2185 40274
1525251499 18734 62193485 331900092727 1488 38077
1525251500 11169 65802932 1067711200568 1857 72955
1525251501 19235 64024602 367732986782 742 34732
1525251502 19179 63982342 361043089454 1435 40002
1525251503 18835 63978619 391002921105 1280 36356
1525251504 19188 64014247 381136386947 2255 39406
1525251505 16277 63313498 516232579042 2263 44978
1525251506 3666 64187969 1543903655217 2214 108976
1525251507 12312 64506700 656186613052 2174 42121
1525251508 19214 63998025 398735106577 2246 38150
1525251509 19228 64004395 319052828803 2357 36130
1525251510 18532 63987185 437046081025 1766 38839
1525251511 19996 64000124 348889155278 1400 41476
1525251512 11833 63948096 723974893490 1413 44103
1525251513 3908 64027808 1111339571022 1124 41148
1525251514 3979 63608254 1417965958270 1919 93972
1525251515 11907 64432281 614933981565 1331 39249
1525251516 18772 63980805 414687335821 2154 39769
1525251517 19952 64004286 374529889706 1234 42767
1525251518 18742 64034713 471554071237 992 46235
1525251519 19402 63974483 343480605897 1817 39503
1525251520 15584 63991328 608732888666 1652 54410
1525251521 19371 64017949 365924492345 870 37113
1525251522 19614 63804166 387011050508 777 44290
1525251523 18502 64193853 476171442595 770 46846
1525251524 19537 64000782 347877057066 1168 38814
1525251525 16016 63899713 865944027823 633 94114
1525251526 14563 64080373 562254590313 1099 39859
1525251527 19005 63998082 401397824824 1467 41001
1525251528 18890 61786278 315856510416 1275 36447
1525251529 19570 66231962 442246340232 1176 42957
1525251530 18681 61508304 360623024252 1033 44228
1525251531 18452 66494781 582833677873 868 46613
1525251532 19354 63999102 435607853966 901 53307
1525251533 17933 63979388 553289085550 747 48848
1525251534 18530 64020321 472864337307 995 50105
1525251535 18275 63991456 508637096246 933 45847
1525251536 19316 64019440 454235935022 1111 52768
1525251537 18669 62484449 423511148633 1719 50775
1525251538 18478 65520766 510842311372 907 47915
1525251539 18931 63983744 403934547078 1888 45364
1525251540 18305 63995489 499580636139 1006 46732
1525251541 19509 63979330 399858139224 1394 44403
1525251542 18404 64031840 515859567418 1235 47087
1525251543 19135 63999051 414056196667 794 45765
1525251544 18299 64037379 472378324383 1230 40540
1525251545 18753 63952134 451626759208 1171 47606
1525251546 16347 64012071 588426890899 1204 49689
1525251547 18638 63985129 460936283757 1117 50473
1525251548 17720 64018275 558263822397 1014 49889
1525251549 19263 64005046 426687907814 940 46530
1525251550 18921 61407010 356326930400 842 40508
1525251551 18241 66575197 644560876167 832 49834
1525251552 18961 63997833 385556288169 1387 43880
1525251553 19622 64013360 344516893528 1811 41863
1525251554 18575 63981490 427845810382 1067 39529
1525251555 19717 63988339 365605365055 708 40977
1525251556 18701 64014794 430315105264 1163 47512
1525251557 18339 64002167 533654777769 1059 47705
1525251558 19290 63997520 375081668136 996 42587
1525251559 19636 63992554 382005069790 912 41716
1525251560 18828 63204579 396509919549 872 44574
1525251561 18987 64799488 405713906588 985 40716
1525251562 19649 63998801 317398955227 1293 34660
1525251563 19134 64022412 373916704932 731 42059
1525251564 18261 63968395 442873987375 824 41795
1525251565 19450 63995047 439048381813 1111 49960
1525251566 19522 64025034 338110082230 929 35768
1525251567 19263 63989869 418435397579 1150 38543
1525251568 18988 64015323 343130466041 1542 41265
1525251569 19754 63998820 309299775306 811 34096
1525251570 19247 62730450 293708827242 1396 32087
1525251571 19177 65255683 401974558951 1768 38085
1525251572 19686 64027948 306492556134 1638 32527
1525251573 19733 63975356 347365213046 866 38486
1525251574 18967 64006323 373816894423 1669 35139
1525251575 19865 63975020 323935538952 1065 34923
1525251576 19282 64019013 322155443525 2046 33338
1525251577 19376 64006058 354541297396 1871 32794
1525251578 20202 63985159 300260294981 1874 34342
1525251579 19498 64012209 346147816891 2211 40434
1525251580 19155 64007462 363045085692 2157 34039
1525251581 19937 63992675 312306804027 1373 33747
1525251582 17655 63993080 541690913084 1124 41736
1525251583 13543 64004027 922891176743 914 40108
1525251584 13947 61319995 764698248285 659 39274
1525251585 12894 65634072 1243336836684 477 55586
1525251586 13006 63103572 941844035694 1082 45160
1525251587 13137 65941187 1052509416967 1183 52726
1525251588 12658 63185093 1071974806111 744 49702
1525251589 11912 64828647 1183605660603 912 47761
1525251590 12515 61898482 937744653750 1096 44128
1525251591 12802 66069178 1073894863518 833 47041
1525251592 11347 64030104 1286533281308 905 53176
1525251593 12070 62616016 1144406063630 1012 51439
1525251594 12969 64722532 1100390562624 733 47791
1525251595 13155 64627418 1062198111928 854 48892
1525251596 12858 64011454 1115947140600 1168 52537
1525251597 13060 64004316 1089589349396 1561 61207
1525251598 13511 64016764 998887977554 670 48160
1525251599 13282 63974941 1026694927537 911 43841
1525251600 12938 63921967 1134255042349 1056 54015
1525251601 12809 64135068 1144916945798 1194 50578
1525251602 13315 63960839 1044483670459 1097 46562
1525251603 14060 62195732 788923130784 772 39851
1525251604 14258 64473342 856611379208 934 41381
1525251605 13688 63172600 868018103948 1193 40045
1525251606 13670 66159154 1011483869706 889 45182
1525251607 13015 63670975 1081298891651 1338 50991
1525251608 12002 64359580 1173512162442 1176 51125
1525251609 11866 63392850 1198784836892 839 53271
1525251610 10968 64554708 1350446575718 591 56885
1525251611 11336 64035871 1277212860211 673 57949
1525251612 11583 63998121 1328039393249 780 53755
1525251613 12353 62979932 1137979991512 987 52274
1525251614 13064 65018535 1126554275061 829 49274
1525251615 12992 63992310 1050978341622 773 47849
1525251616 13050 62553245 1012566777061 680 50047
1525251617 13347 65423380 1090093051784 1001 46267
1525251618 13282 64025954 1006240890326 1090 47374
1525251619 13035 63883186 1056835008278 976 48847
1525251620 13537 62281872 896058881544 643 44522
1525251621 13097 65817266 1272623295016 1423 66758
1525251622 13433 64031586 1058252963884 1341 46153
1525251623 13447 63997975 1055530587009 1691 53180
1525251624 13703 63969577 887104072463 764 41526
1525251625 13279 64032085 985768787647 954 44352
1525251626 13343 63746221 1096445557253 827 52907
1525251627 12631 62728728 1097721591112 742 49234
1525251628 13368 65509820 1072479226938 1408 45979
1525251629 12775 61795233 1026400608797 1421 47130
1525251630 13201 66202510 1232363252758 798 53591
1525251631 13290 63869694 1060994975386 1041 52517
1525251632 12995 64135387 1115366287119 1153 45684
1525251633 14080 63990505 886736552247 1105 42320
1525251634 13075 64025989 1114457439613 1157 50535
1525251635 13670 63106539 921525474739 701 48660
1525251636 13709 64868051 1027693163839 1216 48129
1525251637 13352 64006037 1029223919033 692 45535
1525251638 12389 63971462 1385840047140 1065 63420
1525251639 13440 63360144 1063904200560 852 51055
1525251640 12585 64642244 1216340519808 1217 57271
1525251641 13178 64065553 1120567725621 404 55259
1525251642 13201 63013865 1004391558729 1139 51633
1525251643 13488 64948614 1072444422638 829 47600
1525251644 13291 64003428 1041860105064 844 47059
1525251645 13129 64003988 1005243590096 1472 45008
1525251646 13176 62912260 967649314494 943 49856
1525251647 13154 65075972 1130505111528 1238 52681
1525251648 13583 62106034 837130972672 1078 43062
1525251649 13218 65880124 1166839634080 924 52602
1525251650 10805 62946407 1362185957197 1302 50764
1525251651 9608 65044040 1551540551352 956 61219
1525251652 8783 63833548 1674933863236 744 61298
1525251653 8003 64242591 1767422870199 1171 59557
1525251654 8222 62531912 1552012649936 816 56545
1525251655 7164 65337120 1760232570466 982 61073
1525251656 8007 64041596 1847108578096 832 94485
1525251657 8938 62418422 1437432554576 1232 56414
1525251658 9732 65616997 1516462515589 710 55626
1525251659 13775 63979983 1192803301417 753 57699
1525251660 13308 64029094 1247901873024 747 54591
1525251661 13391 63992466 1085566135972 901 51922
1525251662 13384 64019642 1089937979124 619 51545
1525251663 13780 63097207 953918863925 1062 50865
1525251664 12730 64893868 1195603128500 826 53883
1525251665 11222 61869482 1168952986406 783 48011
1525251666 10904 65617892 1426571374536 747 79158
1525251667 11292 64479036 1196218781106 1022 49157
1525251668 12039 64018022 1159622983792 988 48055
1525251669 11785 64001179 1205022575775 773 48351
1525251670 12114 63985329 1156706206465 786 46667
1525251671 12701 63781770 1030053223320 579 42809
1525251672 10981 63464323 1359209523031 819 83905
1525251673 12961 64781360 1058388383970 458 52893
1525251674 12348 62527176 1061824248930 893 45395
1525251675 12703 65464170 1122955906904 800 44870
1525251676 12977 63156106 1015203407330 715 52240
1525251677 11518 63451162 1168966766164 876 53460
1525251678 12837 65396459 1180032014445 853 50486
1525251679 13348 63994522 1007895372488 835 49721
1525251680 12604 62741422 1107965405874 1003 51151
1525251681 12723 65265185 1106345130461 1018 49302
1525251682 12091 63996899 1188066528631 986 48172
1525251683 12089 63934935 1180940578495 751 47392
1525251684 12643 64056927 1081806788697 815 46943
1525251685 12806 62832699 1018955919303 823 46808
1525251686 12986 63766841 1015804418797 819 50840
1525251687 7473 65127811 1661124098681 663 87404
1525251688 12884 63324516 994109738466 561 39848
1525251689 12480 64961864 1132198132932 789 44004
1525251690 12833 63991377 967590801683 658 39867
1525251691 12895 63996998 1006098591030 817 46951
1525251692 12575 62437983 954903203745 932 38417
1525251693 12790 64205928 1007026987452 821 41422
1525251694 12692 65381790 1030340610464 1254 37893
1525251695 12579 63974277 980208030119 901 41606
1525251696 12165 64023118 1132611308056 836 50063
1525251697 12164 63930192 1157855380076 901 46734
1525251698 12867 64012344 1042282987326 691 44789
1525251699 12930 64063293 987405819035 999 51791
1525251700 12279 63965021 1050894100515 623 40792
1525251701 12279 63971551 1068200946481 765 43079
1525251702 13071 64054330 980033744040 787 43480
1525251703 12185 63355990 1104045332864 714 49626
1525251704 13032 64633231 1009797472775 648 40521
1525251705 13332 63974708 894829469114 669 38640
1525251706 13036 63438764 940659091112 940 38603
1525251707 12832 61882004 934543773064 803 44172
1525251708 8621 65617149 1496183874325 723 77745
1525251709 13428 65073567 965327847293 909 39851
1525251710 13131 63976769 911929836331 1012 36127
1525251711 13203 64042060 954013505672 787 38527
1525251712 13202 63994829 935314557573 592 39982
1525251713 8331 64010318 1421801672946 728 77590
1525251714 13457 62581093 911229606595 720 42203
1525251715 13462 64136954 917390377270 628 43429
1525251716 13176 65254508 928645402528 617 35600
1525251717 13906 63836441 866249186877 677 40339
1525251718 13309 63415338 847152677606 754 36348
1525251719 9169 64752591 1265788996301 803 68267
1525251720 13703 63756093 860976145893 919 36785
1525251721 13337 64274765 900247371695 608 39978
1525251722 13477 63642821 891852090881 1022 39721
1525251723 13603 63195587 848775180403 890 36213
1525251724 13905 65144310 892989477520 802 37238
1525251725 13587 63896889 869704306199 704 37860
1525251726 12803 62492989 919868432469 538 46440
1525251727 13104 65615125 1022759325747 837 49403
1525251728 13799 63801836 865233547506 1147 39415
1525251729 10800 62902169 969702431987 944 42745
1525251730 13565 65291516 954981837832 1691 39572
1525251731 13864 63970343 886319811811 1076 40351
1525251732 13516 64022652 891855519194 757 43472
1525251733 13718 63967243 846280311975 703 36607
1525251734 12002 62924437 866705756201 881 34904
1525251735 13504 65097179 877202437807 1076 36141
1525251736 13168 62638744 867018308064 817 38203
1525251737 13571 65095576 893084834024 870 36148
1525251738 13378 64281758 888061732920 749 36818
1525251739 13169 63978077 914865931843 566 36432
1525251740 14060 63421072 791988165922 1076 37749
1525251741 13239 64608017 921822723487 1189 37354
1525251742 13678 63981354 877535783394 706 39460
1525251743 13124 62426628 861457509738 730 37819
1525251744 11868 65267203 1181536367509 652 77210
1525251745 11163 63695162 1023550518676 663 62906
1525251746 13521 64606463 943125354847 771 46074
1525251747 13510 64025351 899795683999 1075 37080
1525251748 13383 63868660 917783567754 1136 44854
1525251749 14153 64109346 842938948756 1330 37544
1525251750 13279 63540556 954542385534 760 53752
1525251751 13799 64274004 881782699394 767 37741
1525251752 13563 64200407 946734676029 787 41685
1525251753 13786 63998340 889321813778 1015 38937
1525251754 13640 63986412 898204428748 545 36549
1525251755 9194 63991318 1225444567864 552 86291
1525251756 13659 63993218 853434446054 706 38101
1525251757 13706 62896774 822721730068 749 38121
1525251758 13952 65131667 883593067243 558 38007
1525251759 13693 63967694 897413249244 1001 36704
1525251760 10711 63316044 1100571430406 1313 68419
1525251761 10324 64702430 1078021135074 710 71779
1525251762 13525 62805025 857613951545 785 40176
1525251763 14239 63646573 806542863753 709 39461
1525251764 14119 65563891 913864308867 715 40732
1525251765 13664 63992828 848850731218 921 36586
1525251766 12761 64005716 865478984478 877 40574
1525251767 14288 63990275 805910837541 1086 36022
1525251768 13689 62848462 844706473586 765 38537
1525251769 14046 65138554 868778861126 937 37105
1525251770 13496 62636174 855228427618 1090 40583
1525251771 13501 65384162 935995254346 943 40025
1525251772 13879 64002016 844356284336 1030 39046
1525251773 14225 63682878 845385702700 697 45376
1525251774 14205 64308107 804431387643 1031 40985
1525251775 14214 63737852 842015441674 791 45512
1525251776 13701 64260362 878488422954 1172 40195
1525251777 13716 64013128 906930038694 1193 41238
1525251778 14216 63961619 887209827903 1437 43775
1525251779 14126 64026124 904191679324 1337 46613
1525251780 14495 64015468 816437104892 757 42577
1525251781 14120 63995172 885702125144 1090 52524
1525251782 14376 64009985 847999795321 1379 42936
1525251783 14295 63975233 894052067093 810 43215
1525251784 14470 62733472 773925791494 924 41218
1525251785 14367 64569932 831675302040 661 41762
1525251786 13309 64692335 913787079807 761 42603
1525251787 14615 63946850 835770328542 571 42042
1525251788 13717 64056441 944835094403 825 45768
1525251789 14910 63422811 785797837315 1295 39236
1525251790 14130 64598098 859986539880 1026 42294
1525251791 10159 63881352 1063761464116 1001 66605
1525251792 3767 63868150 1646459782518 8397 103841
1525251793 13758 64250917 883915229887 1084 53936
1525251794 14172 63970427 868861045483 1074 41058
1525251795 16025 64008137 695353795247 2187 40628
1525251796 16256 64026874 653743433192 2086 38078
1525251797 16621 63585059 601311645529 1816 44781
1525251798 15977 64380345 694946239693 2094 42204
1525251799 16797 63999765 613856708435 2161 38306
1525251800 16989 64009180 599190154614 1246 43393
1525251801 16216 64003127 684962909991 1649 38663
1525251802 16209 63993026 706594699786 1201 43788
1525251803 16320 64006781 630212326789 1421 38586
1525251804 16553 63389834 606973002774 673 42060
1525251805 16372 64613350 685084441876 1388 43679
1525251806 16370 63992049 604793468689 2160 37610
1525251807 16756 64007781 601526034151 1339 42240
1525251808 16524 64010274 642040174680 1973 40465
1525251809 16917 63160834 569843531398 1301 41977
1525251810 16540 64831395 671882923629 2145 42117
1525251811 16547 62874924 589017222970 1943 42131
1525251812 16314 65143376 731259327772 2222 43930
1525251813 16082 63961576 698599563106 1803 50586
1525251814 16073 62293858 580275336130 2267 42224
1525251815 17075 65722643 627934114675 2220 43471
1525251816 16405 64014289 616374355851 1856 37455
1525251817 17131 63999593 522403673517 2258 36898
1525251818 16042 63992419 652366364817 2073 41516
1525251819 17153 64010111 571758467525 2098 39570
1525251820 16088 61929402 627280473542 2178 44973
1525251821 16882 66057353 705742229039 1710 40026
1525251822 16786 63997731 575917762557 2198 37721
1525251823 15358 63988713 658026104355 2182 38568
1525251824 16287 64002872 647927949062 1256 46560
1525251825 17056 64016913 603905608929 2194 41280
1525251826 17011 63978418 567677336814 2150 35474
1525251827 16930 64015670 586641430600 2221 37911
1525251828 15974 64019414 653258874362 1470 39111
1525251829 15304 63986121 778768913817 1569 44024
1525251830 14277 63989102 891670876290 1956 42985
1525251831 14343 64018575 851005149291 1564 41547
1525251832 14618 63976350 881608018852 908 46540
1525251833 13772 61901423 898293285429 2033 44318
1525251834 14338 66098943 1029092047801 1613 46158
1525251835 14370 63908035 947476148261 1759 51649
1525251836 13819 64117249 989950859541 1421 45016
1525251837 14644 63971696 882424924250 1669 43231
1525251838 14129 64025086 965629004126 1191 49147
1525251839 14336 63980803 984382810487 1261 50876
1525251840 16105 64026201 703768091303 1541 42936
1525251841 16637 63942390 573203798694 2105 41161
1525251842 16875 64036347 597827696393 2112 39014
1525251843 16433 63233637 604917658805 1081 37768
1525251844 16543 64780300 662694822376 2165 43556
1525251845 16927 63972243 581323104757 2207 42029
1525251846 17156 64012286 553071824084 1967 38580
1525251847 16849 63981109 603291777005 2221 42814
1525251848 16495 64022716 676144364280 1416 39939
1525251849 16960 63997984 591067304450 2120 41675
1525251850 17161 63993861 565448893445 2165 37053
1525251851 16790 63990138 601983229122 2014 42188
1525251852 16590 64016023 592813697117 2057 38108
1525251853 16668 63070000 565578617876 2083 39161
1525251854 16724 64931075 644588938985 990 42581
1525251855 17215 64018795 545288245885 2289 37316
1525251856 16849 63987610 577804571218 2235 39081
1525251857 16514 63992384 644301077366 2019 40318
1525251858 17327 64004394 556762092446 2249 40925
1525251859 16759 62324788 516857701992 2004 35104
1525251860 16878 65679135 672009611617 1332 40503
1525251861 16877 63975078 602701591200 1460 40529
1525251862 17134 64019982 550858056122 1550 38186
1525251863 17062 63995617 571718112667 1297 40124
1525251864 16756 63995528 604408133604 608 40457
1525251865 17074 64008802 553805219030 2187 38381
1525251866 16324 62509267 603117607547 992 43806
1525251867 16654 65492055 647806673631 2111 37732
1525251868 14851 62088571 747647952259 1217 42467
1525251869 14656 65904943 911766748887 1766 42783
1525251870 14490 64008983 829888666493 2069 40519
1525251871 14193 63989157 850568246503 1786 39390
1525251872 14438 63996873 900787378937 2045 47167
1525251873 14376 62629688 790725638532 2061 41689
1525251874 13834 65386644 1009871486686 1960 48137
1525251875 14491 63984569 894784231899 1879 46432
1525251876 14780 64005233 861606285197 1268 43368
1525251877 15301 64007599 782930881065 1086 44555
1525251878 16055 64007538 607657248144 1165 39385
1525251879 17005 63988600 548084284278 1350 37248
1525251880 16840 64008514 543558567160 1970 35990
1525251881 16752 63992938 603637921876 1876 38926
1525251882 17229 63983915 565416553145 1059 41766
1525251883 16812 63994711 616088504855 1137 42951
1525251884 16723 64027496 585391306264 1629 39623
1525251885 17223 64011990 568352985408 1590 39322
1525251886 17245 63983318 548067729990 1828 41556
1525251887 17157 63197759 554211867159 1503 43244
1525251888 17042 64791061 620833280347 1282 41555
1525251889 16704 64011819 660738671985 735 42093
1525251890 17232 64013714 575282642730 2018 37797
1525251891 17208 63974203 559005917191 1777 41303
1525251892 16630 64001710 629982513836 2217 44190
1525251893 17120 63671602 544440382324 1052 36610
1525251894 17152 64331876 585467266382 2040 38428
1525251895 17258 64016669 561847584009 2151 39400
1525251896 16969 63996145 618773984451 2164 40745
1525251897 16851 63987544 580862415530 1751 39029
1525251898 16965 62841576 565098893002 2190 39771
1525251899 16839 65161872 606986130832 2147 40875
1525251900 17108 63992589 568314317959 564 41792
1525251901 17275 64001451 565636574533 2031 38256
1525251902 17204 64009542 514224242738 1253 35480
1525251903 17240 63795461 577816703857 1145 40619
1525251904 17631 64206739 490767726605 2168 35974
1525251905 17321 63987335 550775433441 1962 36446
1525251906 17278 64015957 585227024765 681 46542
1525251907 17536 63995836 542299306556 2152 40271
1525251908 17489 64003626 591833034774 1900 42239
1525251909 17109 62530419 518567004109 2190 41087
1525251910 17268 65444335 562430504377 1896 37949
1525251911 17381 64003877 510304422413 2011 34855
1525251912 17011 64004747 552553892365 2244 35196
1525251913 16430 62349927 548145209661 1335 38121
1525251914 17426 65665879 582023113387 2158 37271
1525251915 16815 63999576 615794317806 1945 40002
1525251916 17027 64004622 556355868170 2226 40196
1525251917 16819 63983104 585415506162 2083 38360
1525251918 16569 63821558 547008296964 2270 39587
1525251919 17238 64178234 545480198660 1364 36013
1525251920 16974 64004136 569565851258 2186 41706
1525251921 16959 63988889 591348436661 1991 40553
1525251922 16733 64011936 610911729858 1882 40580
1525251923 10124 63073563 856871393451 2288 65755
1525251924 16421 64931480 614014407434 2077 39477
1525251925 16773 63999229 620166851681 2144 41404
1525251926 17607 63716151 516875368227 2148 36412
1525251927 17041 64255568 558485261788 1970 40950
1525251928 17043 64023476 592918351730 2059 40409
1525251929 12666 62008104 790960051944 1693 61245
1525251930 17018 65737513 595825420637 1840 37653
1525251931 4820 64160529 1390178008447 2602 83420
1525251932 15019 64104943 647725835967 1307 62554
1525251933 17013 63978602 562593398858 1539 37907
1525251934 17043 64002722 545577804368 2235 36326
1525251935 17064 62049169 510621296199 2078 39426
1525251936 17664 65951956 616238454148 1447 39969
1525251937 17438 64011593 549132640297 1714 38582
1525251938 16909 63985233 598263183817 1234 40941
1525251939 16955 64006528 553926786940 2092 38146
1525251940 17101 64017505 601148593653 1336 39925
1525251941 17514 62361251 471089385577 2102 36801
1525251942 17798 65546582 575993170940 2006 37839
1525251943 17200 64070729 574564025757 937 39949
1525251944 9677 63648542 1000072271052 2033 79918
1525251945 15031 63088202 890895493930 1948 79174
1525251946 17451 65274835 594408376681 2001 39623
1525251947 16851 63998644 592963597502 2127 39256
1525251948 17497 63998540 563018334878 2083 38854
1525251949 17302 63996660 549136646084 2104 37161
1525251950 14519 63987385 642135622863 2004 51583
1525251951 17658 64016823 520542904563 2032 39333
1525251952 17003 63982874 588735551036 2023 42673
1525251953 17287 63999924 541479610158 2043 39372
1525251954 17141 62060544 477241887222 2134 36130
1525251955 17585 65951691 584260493695 2055 40816
1525251956 17174 63986338 562797717766 1322 37205
1525251957 17326 64008251 590971771731 2214 44011
1525251958 17467 64000252 514605769414 2130 40521
1525251959 16890 64013091 606187999789 1893 40465
1525251960 12728 64005195 700808998657 2082 38794
1525251961 17777 63978065 466626582329 2040 34095
1525251962 17911 63577832 478557648204 2140 38606
1525251963 17447 64450239 618522561269 1576 41396
1525251964 17550 63003868 511305268564 2040 39166
1525251965 16231 64963780 701350555074 1296 39558
1525251966 16132 64022481 657222858671 1500 39422
1525251967 15774 63999589 718332667545 1145 39891
1525251968 16135 63992485 706845844111 1015 43677
1525251969 15936 62753045 652029992379 1348 38466
1525251970 12982 65126616 840260174712 1552 45502
1525251971 8825 64118210 1207258425110 835 66201
1525251972 16297 64002702 654902591884 1629 40598
1525251973 16079 63673977 712765158277 622 45066
1525251974 15688 64319988 728405884534 827 41719
1525251975 16212 64012556 665032334888 2005 38774
1525251976 11380 63305248 889794825180 1467 59820
1525251977 3913 64169043 1744221759487 5827 95005
1525251978 11470 64523400 1157075121438 1653 83407
1525251979 16360 63995341 622919549329 926 35529
1525251980 16500 63884145 638568829301 1005 40451
1525251981 15911 64105488 683885818074 1206 37290
1525251982 16265 64013697 645286690255 2030 45122
1525251983 15871 63963748 704844816062 896 38569
1525251984 16422 64037941 675869090083 1211 45970
1525251985 16318 64005826 662840873104 1377 40454
1525251986 16260 63963052 704704304408 1840 42613
1525251987 15912 64005993 727456665315 1338 38922
1525251988 16609 64030655 651492603277 1976 38335
1525251989 15995 63995590 715099197420 2056 42476
1525251990 16026 64009832 717167766550 978 48004
1525251991 15958 62663333 645311755507 644 39919
1525251992 15847 65330440 793947781002 1024 42930
1525251993 9044 63644906 1189863718618 2069 78823
1525251994 14648 62790123 674495018197 1452 40679
1525251995 16319 65547668 689125835978 1109 38910
1525251996 16655 64000245 610041760015 1545 36289
1525251997 16510 63487311 613035674895 977 39434
1525251998 15697 64541458 766169069314 1239 40420
1525251999 16165 63980459 668622137171 2013 43377
1525252000 16672 63992983 609378174409 1343 37716
1525252001 16085 64002420 686526174108 2075 39526
1525252002 16407 64023932 625721417208 868 38162
1525252003 16369 63976832 627346475216 706 36789
1525252004 12805 63984686 757470859468 830 44396
1525252005 16088 64022968 686846935332 1107 42403
1525252006 16511 63995528 665351593886 2038 39841
1525252007 16563 64002832 658714003486 1152 40489
1525252008 16612 63975530 613283471018 782 38918
1525252009 16019 64013974 685466170620 949 40437
1525252010 16607 64016652 618883237560 1822 35952
1525252011 16521 62534743 573272132365 636 36562
1525252012 16365 63678840 616851337370 1967 41766
1525252013 16304 65607403 740311676005 1723 43313
1525252014 16017 63757100 704482280924 848 39913
1525252015 16379 64412687 681992016619 801 40971
1525252016 16028 63995153 681228731237 891 43645
1525252017 16257 64003215 666574909059 2013 42788
1525252018 16212 64002115 653893626161 1530 38424
1525252019 15997 64009376 740688314994 969 43077
1525252020 16468 62363037 656475578561 1887 47834
1525252021 16743 65628132 742673145554 1277 45417
1525252022 16298 63996774 684090428514 1749 41598
1525252023 16160 64011290 681051182474 1402 42257
1525252024 9468 63591165 960567525825 1000 59146
1525252025 13305 62828159 728699247387 1979 41929
1525252026 16537 65552661 702430514953 1501 43727
1525252027 16231 63390454 668558269296 1710 40119
1525252028 16587 64248305 664151565527 1021 43159
1525252029 16338 63634562 646777286368 2058 39627
1525252030 16206 64753881 744151222399 1294 42553
1525252031 16215 64002747 663480499051 1365 41024
1525252032 16628 63982800 600672277606 1467 36646
1525252033 16889 63987147 648567466197 2023 42602
1525252034 16232 64018765 717564473253 2129 42150
1525252035 11978 63999131 814544049279 1798 56161
1525252036 16059 64008824 726982372380 1518 44273
1525252037 16385 63988495 651108788769 1023 44183
1525252038 16237 63997051 608395126309 862 36141
1525252039 16169 63983721 673093033455 1658 40828
1525252040 15546 64033398 690172333680 1310 41888
1525252041 16247 63992141 670315311229 1527 42822
1525252042 16805 64010624 624155056306 1297 37016
1525252043 16803 64004340 655507567498 1025 44597
1525252044 16032 63987940 742867713104 1814 41451
1525252045 13139 63022741 768482413629 1984 64705
1525252046 12062 64970943 888738440925 719 39740
1525252047 17022 63999774 574149263278 1810 38318
1525252048 16399 63989687 630385651305 594 40247
1525252049 16726 63717638 597302047698 753 38538
1525252050 16393 64293884 672426264742 695 40555
1525252051 16578 64005385 629299483507 1651 41355
1525252052 16995 64011649 623613250747 928 40313
1525252053 16145 63975386 689103009392 1907 44801
1525252054 16490 63995522 632858413284 1490 41861
1525252055 16401 64026343 666951641645 1043 39173
1525252056 16387 63994572 599227911238 1422 37075
1525252057 16451 63989531 654203003205 2050 37733
1525252058 16097 64005323 670139623671 2112 40671
1525252059 17108 63991199 567320185183 1982 38056
1525252060 16095 64001195 631917306277 1790 39334
1525252061 15682 62363810 553056745030 1676 36249
1525252062 16904 65626664 625293865112 2070 37830
1525252063 16522 64020580 620117334646 919 39572
1525252064 16460 63978960 635024583010 1084 39574
1525252065 15918 63991508 672664838890 929 40991
1525252066 16745 64022263 615177273481 1395 36356
1525252067 16442 62544070 597856400234 1780 42085
1525252068 17084 65462303 644160835287 1649 38929
1525252069 16510 63992238 609412134548 1325 37622
1525252070 16658 62142615 567010321233 1044 38980
1525252071 10613 65585026 912331609288 1976 65556
1525252072 5910 64248435 1296812178797 2432 72627
1525252073 16211 64026279 698697053897 1888 41539
1525252074 16599 63999453 665458740893 1190 40964
1525252075 16547 62390767 571662048647 1815 40330
1525252076 16838 65615053 665062936243 979 39510
1525252077 15955 63994948 665718518668 1916 40336
1525252078 16166 62590245 656265014583 1311 40931
1525252079 16703 65408454 695822148828 2085 40880
1525252080 16675 63989568 678922617214 1933 45651
1525252081 16407 64018105 715510425857 2036 49014
1525252082 16075 62600213 716438111415 1938 43746
1525252083 16451 65389305 674360782481 1756 41248
1525252084 16973 63987383 596625800623 2039 42003
1525252085 16552 62302124 591487948404 2000 40309
1525252086 16396 65710477 785024622913 1226 46777
1525252087 16612 63985780 653354858836 2061 42987
1525252088 16773 64031586 649459718222 1364 44829
1525252089 16232 63977121 703885499815 1937 46498
1525252090 16755 64007627 701565850411 2059 45788
1525252091 16736 63987177 675820080749 2031 42698
1525252092 16203 64002863 721358445061 1577 46110
1525252093 16437 63133402 602574905338 1296 40016
1525252094 16272 62858523 648664289071 1614 42558
1525252095 16538 66031769 757818670949 1635 44407
1525252096 16667 63992454 654088857644 1166 45610
1525252097 16966 63984351 609468273183 1867 43679
1525252098 16582 64022934 664766293766 1183 41661
1525252099 16533 63978342 640181907338 959 42289
1525252100 16722 63671928 693974357100 1668 44433
1525252101 16782 63511748 649935160846 1055 40809
1525252102 16403 64599663 726245613259 1059 50875
1525252103 2781 63605632 2010713406194 14612 102750
1525252104 15606 64607020 814065761246 779 70259
1525252105 16451 64022954 681333038276 1302 42443
1525252106 16790 63980318 669421120738 1066 44232
1525252107 16497 64025725 673534302131 1734 42703
1525252108 16861 63983063 613122883153 750 40579
1525252109 10989 63998737 827769830913 1860 59397
1525252110 17067 64008497 552442313411 2170 39843
1525252111 17926 64007830 446273379670 1443 36355
1525252112 18374 63056992 414009010166 1760 35909
1525252113 17733 64944700 526867577706 1835 43011
1525252114 18398 63965548 479662262902 1734 41690
1525252115 17820 64007691 502509576553 1505 39252
1525252116 17743 64006715 581677001319 1969 51326
1525252117 18304 64010093 502476072673 1062 41863
1525252118 18257 63999860 438340546350 1984 36929
1525252119 18098 62597942 436443416206 2114 37586
1525252120 17656 65329615 547366280727 1861 40619
1525252121 18514 64043339 504544204915 1274 43255
1525252122 18545 64021988 467447922552 2051 39868
1525252123 18402 63993072 495324461210 2008 43859
1525252124 17792 64002968 534974863000 1474 43556
1525252125 18408 64005936 484637053380 1902 42193
1525252126 18460 63989344 456527410190 1155 38058
1525252127 17729 62569782 480159209798 2100 41785
1525252128 18099 65438828 588531318898 2046 42508
1525252129 18334 63977239 469557810507 1063 38410
1525252130 17980 64034508 495227153170 2163 39456
1525252131 17690 63991325 496931122989 2085 42730
1525252132 18097 64005964 488355108618 2132 41041
1525252133 17945 63998558 541151369416 2106 45944
1525252134 12064 63203882 1346908353954 2022 104728
1525252135 17334 63706451 542928692483 1273 48010
1525252136 17627 62681331 510647234913 1103 45433
1525252137 18200 66379770 610410109020 2061 43336
1525252138 18127 64000306 489127220938 1451 39501
1525252139 18387 64015612 503013254658 1857 41093
1525252140 18472 64022303 425431485847 2139 34690
1525252141 18281 63980389 518727291919 1941 44670
1525252142 18274 63983997 513374970221 1369 43625
1525252143 18174 64022839 441812748899 2223 35122
1525252144 17799 63722215 548285063831 1273 39464
1525252145 16705 64273799 692320257037 1393 41523
1525252146 17238 63996925 584061705529 1439 37747
1525252147 16650 63321170 599524678302 1289 40511
1525252148 16376 64668817 640166918661 1229 40057
1525252149 16975 63202634 578041933092 660 40494
1525252150 16656 64802192 678220794138 1162 40360
1525252151 16159 62793602 665811762516 1859 44252
1525252152 16919 65210866 615901334074 1440 35963
1525252153 16431 62920572 641119110458 811 41772
1525252154 16573 65066510 675566453352 1339 42007
1525252155 17072 64033135 585983082981 1341 38059
1525252156 17711 62163631 418915474077 1839 36713
1525252157 18390 64432634 469568402754 2163 39299
1525252158 18671 64975428 462649513296 2238 41568
1525252159 18708 64415195 467464493517 2014 38942
1525252160 18291 63971843 477904428247 1342 39078
1525252161 18316 64009892 457494184234 2046 36741
1525252162 17974 64014967 535108277431 2089 47301
1525252163 18495 63993959 435936667303 2043 35868
1525252164 18408 64013644 413646262750 2141 37287
1525252165 18339 63985310 415809718094 1918 36553
1525252166 18733 64003333 408875974115 2031 34424
1525252167 17895 63986613 470764181575 2047 39167
1525252168 18218 64037940 473313243276 2146 39170
1525252169 18313 64001744 438852237494 2166 35550
1525252170 18590 63900358 378639259838 1319 36495
1525252171 18327 64093726 456901245796 1713 39894
1525252172 18612 63979573 424957736503 1314 37096
1525252173 18381 64000623 414564251657 2071 35658
1525252174 18400 63990474 404456456938 2056 33654
1525252175 17923 64010050 477429790526 1475 40693
1525252176 18397 64010253 431229549905 2207 37740
1525252177 18439 63980642 473227155026 2063 40930
1525252178 18825 64004664 427161131462 1926 37766
1525252179 18860 64010842 395892088638 2250 42311
1525252180 18652 64007446 407146935436 2139 34951
1525252181 18258 64006114 467878167770 2177 40598
1525252182 18571 63990161 462269950431 1859 41722
1525252183 18248 63993238 465809217658 2085 42217
1525252184 18340 64005054 440168874232 2068 36345
1525252185 18498 63996813 432589132435 2121 37679
1525252186 18884 63992867 426182382231 1799 40711
1525252187 19048 64019738 381564461596 2100 38506
1525252188 18565 63978071 444708473757 2218 39030
1525252189 18200 63975582 467815932476 1719 38352
1525252190 18743 64033281 414262381017 2073 35732
1525252191 18559 63989476 411494241214 2206 34281
1525252192 18841 64008532 416956735866 1854 34999
1525252193 18940 63248553 375653594575 1989 42456
1525252194 17945 64114076 478748934398 1321 36847
1525252195 17692 64663439 518145677383 1313 35376
1525252196 16641 64007589 641519704825 1742 38791
1525252197 17107 63977479 584893480607 1717 42940
1525252198 16646 63992939 630779709383 1907 41354
1525252199 16185 62055319 622980244659 1376 39797
1525252200 17149 65937726 666065991490 1270 39373
1525252201 16798 64008947 632320977615 1578 39922
1525252202 17386 63985279 556126079341 1484 36829
1525252203 16776 63170941 557477555431 1139 37068
1525252204 16916 63159487 557537773755 1351 40900
1525252205 17778 65025732 649167576312 1260 63732
1525252206 18689 64667063 419099921955 998 37393
1525252207 18493 63984572 428802917346 2113 38553
1525252208 18450 64009708 450126584850 2140 37038
1525252209 18575 62498020 402403981758 2027 38466
1525252210 18583 65494230 469260323240 1963 39255
1525252211 18000 64004494 486774348668 1699 41931
1525252212 18728 63988820 435917018386 855 36781
1525252213 19409 63985491 366117666149 2061 36364
1525252214 18482 64020830 489423027962 2106 42432
1525252215 18609 63985037 464541560685 1448 41020
1525252216 18797 64007914 422795059320 2073 38140
1525252217 18840 62534108 396615281828 1439 37450
1525252218 19408 65470803 443143943099 908 37360
1525252219 18457 64010178 473446992608 2095 39671
1525252220 18460 63985607 431877531697 1947 39114
1525252221 18573 63987272 394955729314 1664 37974
1525252222 18497 64033793 493889276697 1939 41197
1525252223 18194 63974863 496771435311 1628 44348
1525252224 18772 63965227 450082384861 1692 39956
1525252225 19662 64031804 379486432242 2022 39121
1525252226 18711 64017017 428899104619 2153 36999
1525252227 17905 63975999 482656238901 990 40472
1525252228 18765 64003501 396579092651 2136 38422
1525252229 18497 64025967 429895376397 2105 35155
1525252230 18583 63985312 404110174250 2120 34296
1525252231 18842 64005085 427026800461 1444 42347
1525252232 18108 63976245 438488786661 2132 36771
1525252233 18484 64034778 429913469642 1905 44228
1525252234 18727 63988991 430458677679 1921 36895
1525252235 18104 61956392 395209977498 2177 39044
1525252236 19347 66046648 475475198014 2126 38435
1525252237 19061 63995040 420885970170 2067 37501
1525252238 19179 64003824 389484615122 2226 38818
1525252239 18592 64009015 460345117319 723 40919
1525252240 17625 63993737 473388600087 1247 35453
1525252241 18516 64009800 413664683874 2083 36868
1525252242 18437 63985149 503278674679 2077 45786
1525252243 19128 64008923 422036939031 854 36134
1525252244 19114 63980895 407859449587 2081 34649
1525252245 18797 64015632 403318345610 654 39035
1525252246 18928 64002783 420803017559 1492 35215
1525252247 18903 63979309 430427400793 2095 35624
1525252248 18755 64002831 450687826243 2010 39240
1525252249 18252 64016283 432166681599 2124 35210
1525252250 8513 60472435 755054083399 1467 44884
1525252251 17238 67515056 1270751107670 1975 116978
1525252252 18159 64003203 495521813815 1372 43296
1525252253 18940 63934832 375052439236 2143 35344
1525252254 18494 64081376 484733999672 2159 41495
1525252255 18839 63986204 436842045028 1846 36708
1525252256 18515 64017080 461770446886 2072 41540
1525252257 18591 63985845 452914897213 1316 36693
1525252258 18935 63700246 392841457604 2156 38797
1525252259 18249 64294263 440067523137 2215 37660
1525252260 18747 64018829 412638869489 2120 35863
1525252261 12682 62709979 647276336479 2077 59059
1525252262 18911 65257422 460785104440 2000 39291
1525252263 19028 64032170 433784901784 1452 37447
1525252264 18928 63991275 442985631429 1890 36829
1525252265 18240 63991856 470831806192 1417 39777
1525252266 18941 63862213 383030047849 2100 36195
