1525244766 254 27678767 3113080723773 94135 302446
1525244767 17238 65924381 1701907922783 693 216820
1525244768 22244 64043548 221001728140 638 11403
1525244769 21706 63975012 220060722264 611 10915
1525244770 20563 64011731 226604157937 794 9736
1525244771 22061 63995771 217699877383 651 11431
1525244772 1310 61264539 5665065870343 1110 217578
1525244773 570 62908157 8183363287749 81295 327689
1525244774 760 64252451 6813724619559 54174 284514
1525244775 16545 67584064 2122347257160 642 192119
1525244776 21213 64011144 229292578702 738 16803
1525244777 22391 63988691 208283182637 749 11400
1525244778 22110 63998561 217317300605 661 10512
1525244779 22271 63986675 217046207237 690 12394
1525244780 3313 61423839 6044337471863 834 332220
1525244781 575 62765734 8313871473202 57541 346462
1525244782 620 65922351 7905068575723 40037 303556
1525244783 635 65400826 7505293099082 84413 335636
1525244784 19585 64508334 722267805254 789 173032
1525244785 21691 64018836 213409737244 720 10422
1525244786 21963 63995249 214623532155 818 10783
1525244787 21406 63982780 223223423558 649 13360
1525244788 20793 63007909 342772016803 710 63440
1525244789 507 61119156 9675417262594 55309 422497
1525244790 9515 67901173 6755888070039 694 394529
1525244791 21975 63979034 212887853580 543 12105
1525244792 22357 63971750 211848211998 744 13005
1525244793 21349 64031041 218642660499 841 12980
1525244794 22147 63978310 209367746090 802 15772
1525244795 11072 62965094 1928304760162 1106 89912
