1525910645 0 0 0 0 0
1525910646 13745 53517774 330545988558 1852 72705
1525910647 6791 47941864 5751659773726 2412 282679
1525910648 0 0 0 0 0
1525910649 7902 144060230 164259837448320 1547 1858198
1525910650 18609 63993547 229407344967 2222 9047
1525910651 18966 64011661 225621684299 1022 9565
1525910652 18844 63997468 226503695992 2215 8410
1525910653 2680 33350189 5698222687831 2258 274636
1525910654 0 0 0 0 0
1525910655 14167 158648095 148065053234131 2252 1512976
1525910656 17992 63994655 236517405943 2220 8451
1525910657 18200 64018719 233848036537 2291 7078
1525910658 16425 60037536 347983446522 1012 80751
1525910659 2462 67959271 32095388064793 2423 754550
1525910660 17798 63983314 239628026068 2333 9228
1525910661 18516 64024024 229924667926 1637 8368
1525910662 18377 63977363 231363829411 2266 9108
1525910663 18421 64002955 231129845171 2200 8106
1525910664 5773 35032713 902863162539 2396 91320
1525910665 16717 92958334 18522430847980 1543 535126
1525910666 18305 64008198 233158953968 2302 9518
1525910667 18591 63987721 228721110131 2346 6875
1525910668 18775 64030235 227267783361 2214 8716
1525910669 11705 48226460 611073998112 2017 112885
1525910670 14591 79765041 12085712016393 2202 442213
1525910671 18370 63981805 231193050203 2333 7501
1525910672 18290 63999277 233391526991 2310 8721
1525910673 18102 64022597 236021268261 2290 9537
1525910674 17857 64008749 238511420893 2434 9130
1525910675 17918 63985583 238105881029 2423 8772
1525910676 18084 63976309 236064913819 2374 8808
1525910677 18401 64023365 231640509541 1983 9094
1525910678 18425 63993882 231184586476 2274 8488
1525910679 17242 64006625 379106596973 2293 46877
1525910680 18345 63975784 232713298936 2297 9014
1525910681 17978 64009697 237964978445 2317 10497
1525910682 18952 64020029 229945580351 2052 12116
1525910683 18656 64006206 231998677182 2257 12092
1525910684 18962 63996225 226217797423 2256 12015
1525910685 17790 63980862 240842248906 2420 11330
1525910686 17688 64013918 243018560088 2338 12700
1525910687 18669 64017020 229974151712 2227 11498
1525910688 18343 63980218 232516346692 2240 8138
1525910689 18581 64006955 229431514527 745 7447
1525910690 18352 63998562 235931986524 2371 12942
1525910691 17382 64000998 248625527208 2408 11995
1525910692 18602 64007432 230947377014 1880 12011
1525910693 18906 63964446 224429836940 2250 7158
1525910694 17838 64034961 245229693987 2301 12565
1525910695 19029 63983893 225434070081 2270 13096
1525910696 18457 64002733 234326989221 2244 11915
1525910697 18501 63993489 230001848661 2316 7697
1525910698 19046 64015972 223651467926 2266 6539
1525910699 18290 64007847 235254985355 2303 11847
1525910700 18415 63892902 231633339714 2387 11577
1525910701 18564 64085966 230088397842 1887 12032
1525910702 18145 63990504 238891046006 2230 12739
1525910703 18452 64013310 230558551066 1596 7751
1525910704 18286 63996356 234527813378 570 10727
1525910705 18249 64016875 237574428033 2325 12508
1525910706 17989 63987656 238629283510 2338 12031
1525910707 17880 64009131 240743173113 2336 12307
1525910708 18349 63989000 234044869726 2341 12760
1525910709 18140 64006823 238945343179 2374 11739
1525910710 18333 63999163 233918838511 2313 11979
1525910711 18093 63976853 234941449793 848 7333
1525910712 17508 64005252 247162940278 1517 12710
1525910713 17903 64010326 239682368104 2356 12705
1525910714 16182 64003030 540463081876 921 88292
1525910715 17871 63993491 240025869329 2457 12609
1525910716 17712 64012392 246654673542 2425 12986
1525910717 17978 63989391 242596194915 2093 12595
1525910718 17851 63984509 240361698805 2305 11864
1525910719 17409 64011569 244139128469 2321 7330
1525910720 17955 63976994 238966875450 2282 12914
1525910721 18013 64036051 236678626673 822 8083
1525910722 17507 63978427 245004665631 2306 13142
1525910723 17874 64025408 241937553724 2457 12119
1525910724 17996 63997867 236624027319 2401 7681
1525910725 17325 63998659 245832012609 1932 7513
1525910726 18211 63970447 233362970361 2355 7491
1525910727 17467 64023305 245397137831 2511 12420
1525910728 17982 63994474 240053339412 2279 12619
1525910729 18169 64014269 236311151399 2402 12590
1525910730 18146 63980842 234870162216 2320 7404
1525910731 17657 64012344 242848933030 2462 12217
1525910732 17746 63990003 239459518803 2526 7069
1525910733 17720 63990256 240027413964 2484 8037
1525910734 17779 64004615 239152844325 2548 6909
1525910735 17992 64012450 240715156120 2398 13074
1525910736 17833 63971392 238237543510 2341 7781
1525910737 17654 64026215 242911640721 2365 12751
1525910738 17237 63996592 246600624400 2388 8055
1525910739 17284 64014171 248029002261 2415 12267
1525910740 17621 63991624 240976939382 2596 7762
1525910741 17660 63992203 240681365149 2515 7855
1525910742 17648 64005719 245294952877 1678 11888
1525910743 16953 63991866 253055308980 1866 13119
1525910744 17071 64013170 249171175244 2607 8538
1525910745 16952 63988572 250613005336 2679 7577
1525910746 17376 64013220 244752821388 2002 7995
1525910747 17876 63991496 237569983468 2433 8404
1525910748 17472 64006073 245449076601 2308 13079
1525910749 16398 63038177 461258452307 2514 82837
1525910750 17476 64952547 347239176931 2078 90136
1525910751 17683 63988856 240253955610 2553 6774
1525910752 18342 64009042 232128264726 2451 7259
1525910753 18000 64008929 238656716429 2339 11345
1525910754 18134 64005337 238905469893 2388 12438
1525910755 17795 63997547 241045781951 2342 11185
1525910756 18062 64010778 237440004440 2268 10418
1525910757 18247 63982154 233210928594 2063 7429
1525910758 17644 63985406 245485045450 1546 13465
1525910759 17908 64024857 237886764989 2513 7064
1525910760 18115 63979562 234840599646 2484 7581
1525910761 17928 64007496 239334489990 2425 11692
1525910762 17628 64006415 242861282941 2531 12716
1525910763 17676 64016541 244202492515 2420 11704
1525910764 18071 63993773 235064375449 2475 7393
1525910765 18091 63982056 240599271514 2113 12377
1525910766 18413 64017428 232939166542 2367 11987
1525910767 18018 63996103 236213367655 2277 6907
1525910768 17943 64003089 240468453579 2244 11903
1525910769 18657 63973011 227738206969 2314 7130
1525910770 18328 64009298 232782008622 2324 8017
1525910771 18368 64017127 231656009291 2428 7085
1525910772 17935 64000653 240767205121 2331 12540
1525910773 18917 63982192 224855265666 2321 7734
1525910774 18660 63893401 228903968353 2381 11796
1525910775 17155 64100926 250925787502 2182 11978
1525910776 18367 64034126 232351213156 2389 6929
1525910777 19024 63980545 223875547155 2308 6637
1525910778 19227 64001407 221414385963 778 7958
1525910779 18560 63986187 232714288293 2268 12445
1525910780 18799 64008206 227906891950 2286 11789
1525910781 19077 64001182 222554234110 2351 8197
1525910782 19023 63982972 223150981198 2236 7016
1525910783 18458 64018370 232244630750 2393 11638
1525910784 18336 63231079 226348119479 2443 8905
1525910785 16776 64785428 613124716430 853 69643
1525910786 18249 63997729 234772109321 2138 12528
1525910787 18708 63975931 226945133853 2310 6579
1525910788 18588 64014448 228573985440 2439 6917
1525910789 18013 64002571 240901319609 2252 11731
1525910790 17695 64007331 243863948077 2469 10741
1525910791 18151 63995945 238965766501 2336 12815
1525910792 17792 63987132 239411077228 2465 8257
1525910793 17828 64005974 238146239222 2473 8148
1525910794 18138 63989126 234462544134 2374 8209
1525910795 17748 64001333 239279955135 2566 7451
1525910796 17708 64006574 240382323508 2510 7497
1525910797 17587 64009455 243891570397 834 13873
1525910798 17993 63972263 238850867369 2375 13392
1525910799 17788 64008124 239176660696 2559 7276
1525910800 18041 64005233 237726956651 2487 11565
1525910801 18271 63999287 232836595423 2438 6997
1525910802 18372 64011896 231627131990 2377 7149
1525910803 17939 64003416 238892820434 2436 12825
1525910804 18066 63897306 234360506266 2433 6649
1525910805 18092 64072378 235544210852 2518 7522
1525910806 18486 64035266 230179631822 2198 7022
1525910807 17925 63937959 238937029993 2407 12620
1525910808 17945 64002478 236791628064 2464 7766
1525910809 18068 64052244 235878046678 2371 7787
1525910810 18513 63989239 229210482461 2359 6698
1525910811 18240 64006563 235231806725 1029 13329
1525910812 18292 64020318 236081341060 2308 11791
1525910813 18443 63970211 231565636119 2408 11782
1525910814 18473 64008954 229705582310 2369 6946
1525910815 18865 64004717 225135478647 2378 7620
1525910816 18350 63998123 230983929631 2408 6961
1525910817 18365 64016918 233128788552 2414 11281
1525910818 18533 63969242 230928192792 2273 12263
1525910819 18865 63999794 225139407468 2387 6924
1525910820 17003 64012524 508781033702 2400 95848
1525910821 18470 64011588 233806416982 2242 11876
1525910822 18609 63989078 228077028612 2379 6996
1525910823 18486 63987958 229799230428 2369 6889
1525910824 18606 64001071 228121437123 2411 7204
1525910825 18779 63999191 226076605331 2357 6817
1525910826 18978 64002669 223664185637 2254 7010
1525910827 18437 64012637 232485826505 2357 11943
1525910828 18446 64011864 230626502852 2431 6888
1525910829 18181 63971927 235333972915 672 12254
1525910830 18138 64017025 234690875645 2509 7325
1525910831 18023 63969602 237813777894 2510 13560
1525910832 17775 64028332 239514611854 1290 7407
1525910833 17933 63973735 238574125439 2297 11910
1525910834 17887 64020868 239554127384 2319 12500
1525910835 17643 63992568 242755088248 2528 11743
1525910836 17729 64013917 240170867129 2508 7169
1525910837 17764 63987256 239208304002 2400 8173
1525910838 17754 63990903 238960408635 2382 6991
1525910839 17778 64032421 239589472243 2400 8083
1525910840 17763 63970303 238727865491 2588 7512
1525910841 18069 64018256 235364664794 2427 7967
1525910842 18125 63859926 233195170412 2472 7048
1525910843 17935 64152211 242251628545 2379 11921
1525910844 18073 64000000 235205012282 2314 7756
1525910845 18395 63970728 230487293176 2451 6785
1525910846 18675 64007121 227531512727 2422 7516
1525910847 18813 64000877 225940605201 2402 7438
1525910848 18292 64004277 232593359013 2281 7268
1525910849 18268 64023703 232943821513 2488 6904
1525910850 18259 63963775 232491624891 2498 7435
1525910851 18483 64010737 229743684363 2416 7458
1525910852 18208 63987301 234960864925 2212 12554
1525910853 18347 64045269 231564631629 2422 7477
1525910854 18235 63977497 234710424991 2345 11928
1525910855 16397 64000428 739822399000 964 123055
1525910856 18439 63985445 232863125465 2374 13025
1525910857 17892 64006180 237625297338 2511 7098
1525910858 17853 64010467 238017212083 2524 8233
1525910859 18109 63981572 234579093804 2410 8909
1525910860 17997 63992474 237898809268 2285 11764
1525910861 18148 64019021 234234244087 2456 6880
1525910862 18173 63988558 233817816908 2354 8258
1525910863 17936 64007780 237064946586 2001 7766
1525910864 17648 64001734 242794494616 2237 12082
1525910865 17521 63998571 242541221331 2604 7558
1525910866 17637 63980017 240891475115 2559 8000
1525910867 17819 64016360 238640692130 2389 8540
1525910868 17779 63990568 238895582502 2579 7914
1525910869 17801 63988842 240766973374 2385 13193
1525910870 17880 64003256 239249273770 2309 11063
1525910871 17603 64017446 241442363076 1192 7057
1525910872 17540 63993691 245565611473 2531 12722
1525910873 18440 64013200 232463338326 2351 12938
1525910874 17906 63994972 237573887582 2395 8140
1525910875 17932 63988921 237047804603 2350 8331
1525910876 18351 64009954 231702971362 2365 9201
1525910877 18313 64007601 232007643039 2461 7150
1525910878 18401 63984278 230762506208 2311 8526
1525910879 18440 64010631 230551961407 2394 8069
1525910880 18587 63983973 231219547165 2306 12421
1525910881 18485 64016769 232392049801 701 12340
1525910882 17959 63977214 236234063526 2171 7718
1525910883 17905 64008976 237324294820 2469 8607
1525910884 17904 63995249 237261775847 2305 7097
1525910885 17891 64013437 237453449417 1694 7704
1525910886 17683 63984048 240041616960 1676 8614
1525910887 17956 64037696 236703592492 2549 7407
1525910888 18196 63979656 235518959772 2307 12166
1525910889 18329 63988816 232216646374 2430 8401
1525910890 16503 64009917 680605650811 1650 117214
1525910891 17460 63993009 243195621871 2517 10213
1525910892 18040 64001925 237912764117 2150 11726
1525910893 17866 64012057 237819815873 2555 7934
1525910894 17612 63978302 243202471200 2257 12497
1525910895 18486 64018825 232051835911 2427 12319
1525910896 18734 64007256 226972082122 2217 7834
1525910897 17548 63962570 242171180628 2447 7534
1525910898 17326 64011668 245476078952 1311 8394
1525910899 17212 64011932 246934189208 2594 8234
1525910900 17618 64023790 243425249172 2272 12014
1525910901 18301 64006091 232076195113 2474 7431
1525910902 18277 63979611 232438063239 2458 9249
1525910903 18297 64012450 232237708714 973 7037
1525910904 18297 63979062 231888993346 2443 7115
1525910905 18229 63989109 234791052973 2468 11285
1525910906 18650 64024973 228938937263 2242 7759
1525910907 18507 63991029 230107110745 2282 9113
1525910908 17919 63983628 237483771198 2404 7790
1525910909 17365 64004218 245150895972 2458 9447
1525910910 17500 64036500 246492591726 2493 12457
1525910911 18774 63965647 226423762589 2183 9033
1525910912 17861 64015097 239114337277 2334 9935
1525910913 17580 63998235 241959988509 2546 7581
1525910914 18149 64006065 235921365283 2328 12125
1525910915 18179 63981974 233717719234 2438 8359
1525910916 18422 63999590 230748815542 2436 9007
1525910917 18041 63988902 237469468710 2468 12500
1525910918 18021 64027494 237892575500 2455 11999
1525910919 18550 63990247 229117024447 2344 9301
1525910920 18572 64005297 228742765083 2365 7246
1525910921 18557 63982637 228971222383 2436 8695
1525910922 18515 64029856 231920603884 2255 12375
1525910923 18825 63972816 226548080574 2310 10209
1525910924 18697 63999707 228085578291 2403 8640
1525910925 16781 64020600 600710199226 2207 83762
1525910926 18221 63995214 236237685272 2166 15373
1525910927 17481 63988640 243147276770 2541 8196
1525910928 17377 64007556 246358867814 2602 11166
1525910929 17642 63995271 241199083081 2548 9115
1525910930 17846 64011441 238217292107 2500 8748
1525910931 17819 63992869 238652176209 2504 8384
1525910932 18172 63987565 239068593873 2307 12108
1525910933 18866 64010230 225804953828 2192 8615
1525910934 18574 63995480 229394261258 2261 9031
1525910935 18506 64008297 230489583571 2266 9078
1525910936 18941 63993023 224882486601 2293 8352
1525910937 19022 63985328 223865138476 2313 8535
1525910938 19101 64019425 223205310733 2316 8384
1525910939 19067 64014636 223693062746 841 8013
1525910940 19081 63988904 222968308212 2241 8126
1525910941 18848 64009624 225402193412 2246 8127
1525910942 18454 63965894 230494193554 2364 8427
1525910943 17891 64049297 238887617685 892 9860
1525910944 17806 63977202 239275443156 2500 18128
1525910945 19689 63997339 216816894361 2141 9822
1525910946 18657 63995010 229209485320 2176 8593
1525910947 18530 64004028 230363943690 2248 8314
1525910948 17897 63989475 237124108503 2543 7270
1525910949 17793 64012359 239111224413 2523 9388
1525910950 18344 63999064 232588779692 2338 10224
1525910951 18091 64007274 235787207060 1227 8521
1525910952 19341 63971299 220718319193 2177 8580
1525910953 18776 64033115 227070512021 2349 8840
1525910954 18922 63990190 225281943760 2279 8579
1525910955 18135 63997231 235098661491 2087 8956
1525910956 17757 63994919 239567078267 2470 11263
1525910957 17765 63997071 239893018989 2451 9292
1525910958 18130 64000263 234915939155 1509 8418
1525910959 18910 64007286 226859933200 2056 9314
1525910960 16863 64020490 688321235274 1657 119535
1525910961 19675 63997481 217427655501 1309 8256
1525910962 18810 63962294 227429771924 2024 8367
1525910963 17578 63995366 242421462192 2302 9558
1525910964 17596 64004484 242189590020 1481 9353
1525910965 17525 64021919 243538514241 2428 9001
1525910966 17469 63958364 243904188236 2438 9817
1525910967 18914 64033929 225989400945 2090 8459
1525910968 17550 63974343 242680400001 1174 9967
1525910969 17454 64031635 244773903601 2356 8937
1525910970 17508 64025529 243597335947 2546 10023
1525910971 17505 63972062 242998034648 2547 8648
1525910972 18006 64010179 236860529105 1236 9319
1525910973 18063 63987113 236210957015 2313 9570
1525910974 18968 64029362 225713290236 2325 9218
1525910975 18862 63967363 226097665983 2304 8942
1525910976 19036 64021432 224736827110 1474 9227
1525910977 19316 63989004 221280936468 2105 9413
1525910978 18452 63998192 230743841534 2283 7968
1525910979 17816 63975643 239365623121 2401 9140
1525910980 17839 64008732 238709631878 2542 7215
1525910981 17803 64010751 239495401751 2538 8292
1525910982 18366 64025500 232289367578 1952 10779
1525910983 18598 63980362 228957402616 2295 8801
1525910984 18674 63971053 228147344607 2329 8850
1525910985 18709 64029852 229083136772 886 10470
1525910986 18582 63984997 229839526869 2128 8432
1525910987 19578 64018638 218205750746 2231 8474
1525910988 18935 63973173 225341811885 2104 8220
1525910989 17474 64000955 243396747877 2464 8510
1525910990 17444 64004638 243784570104 2493 8097
1525910991 17593 64008378 241712315818 2570 8793
1525910992 17713 64017615 240131166413 2554 8330
1525910993 17951 63971135 236756668655 2526 9217
1525910994 18062 64021486 235567095670 2448 8070
1525910995 17286 63996798 335866924284 2475 47930
1525910996 18590 64025864 229229029852 2275 9264
1525910997 18558 63981962 229577810790 2327 8872
1525910998 19304 63996771 220890399953 2297 7543
1525910999 19204 63991060 222054234410 2215 10261
1525911000 18033 63996206 235974776366 802 11691
1525911001 17955 64010804 237183791398 2486 9405
1525911002 18035 63999491 236101311987 2407 8821
1525911003 18214 63979491 233266599927 2428 9385
1525911004 17881 64013227 240644743425 2328 10945
1525911005 18217 63987395 233764012375 2392 9804
1525911006 18239 64022216 233838628062 2408 9597
1525911007 18400 64005466 231432167576 2258 8931
1525911008 18397 63946844 231202969818 1474 8802
1525911009 18415 64050761 231707104651 2288 7890
1525911010 18211 64001845 233568893857 2251 8846
1525911011 18111 64006921 234736975361 2408 9402
1525911012 17959 63974169 236642585579 2509 8511
1525911013 17899 64006196 237708426118 2496 10171
1525911014 18120 64002568 234857091484 1067 8660
1525911015 18317 63992885 231920757391 2294 8696
1525911016 18438 64012104 230688677700 2391 8691
1525911017 18556 64003701 229838258559 2023 8642
1525911018 18209 63992094 233441125830 2375 7890
1525911019 18220 64001855 233526059431 2463 8871
1525911020 18219 63984910 233346938814 2425 8656
1525911021 18224 63998253 233515204205 2448 8854
1525911022 18256 64007143 232994106377 2451 8051
1525911023 18365 64015658 232051610406 2341 8667
1525911024 18305 63975785 233362063357 2227 9865
1525911025 17910 64018497 238471510399 2459 9804
1525911026 17791 63994755 239113445337 1723 7778
1525911027 17821 63991157 239194584575 2478 8851
1525911028 18172 64009550 234814113784 2070 9163
1525911029 18338 63985433 232318260417 2363 8549
1525911030 17022 64029507 577245906335 979 83531
1525911031 19260 63985044 221658030086 2252 8928
1525911032 19292 63994247 221388085985 2278 8289
1525911033 18973 64004040 225342353462 2017 8796
1525911034 18065 63997464 235335965134 2441 9557
1525911035 18092 64013870 235467635154 2436 8895
1525911036 18615 63988459 229675270283 2161 10164
1525911037 18834 64020648 226632429474 2356 8528
1525911038 18536 63980376 229879248828 2357 8220
1525911039 19005 63980727 224303279385 1989 10495
1525911040 18128 64007689 234559271253 2393 8218
1525911041 18139 64006343 234202152349 2482 7776
1525911042 18165 63995247 233917826215 2415 7669
1525911043 18164 63988124 233887625980 2449 8921
1525911044 18140 64019997 234544783881 2480 8556
1525911045 18098 63997000 234927649470 2435 8238
1525911046 18100 63995425 234865378397 2436 8617
1525911047 18157 63996825 234220033753 2487 8744
1525911048 18204 64021839 233977161401 2425 8971
1525911049 18224 63982380 233015041010 2445 8536
1525911050 18221 64009184 233561293460 2474 8725
1525911051 18191 64007789 233922675197 2463 8548
1525911052 18278 63989591 232805965623 2287 8139
1525911053 18188 63962652 233555680070 2450 8438
1525911054 18827 64044318 226429232164 2310 8888
1525911055 18703 63998366 227590759748 2378 8609
1525911056 18289 63986847 232893297275 2366 8326
1525911057 17797 64007648 238834610618 2530 9198
1525911058 18815 64007146 227493522320 2322 8911
1525911059 19021 64016515 224434576455 2154 9057
1525911060 18868 63979261 228098133401 2253 11762
1525911061 18570 63995064 231759360386 1904 13115
1525911062 17506 64006623 242749346895 2572 9448
1525911063 18498 63987797 230978696355 1177 9651
1525911064 18782 64012947 227241188389 2250 8502
1525911065 16384 64003494 500391515804 2464 67570
1525911066 18273 63987447 232739781763 2367 9682
1525911067 17876 64019864 240384602740 2418 8758
1525911068 18447 63988711 230001531801 2388 8495
1525911069 18485 63987133 229479960373 2369 9370
1525911070 18511 64013888 229447988548 2399 7133
1525911071 18202 63987814 233563400824 2471 8567
1525911072 17715 64006900 242272819798 2349 13380
1525911073 17810 63990937 239206520785 2448 9418
1525911074 17719 64016805 240554121147 2375 8163
1525911075 17718 63999614 240695709372 2440 8603
1525911076 18051 64002830 235726189472 1950 8862
1525911077 18483 64001313 230280173185 2409 10338
1525911078 18542 64016813 229799287289 1892 7767
1525911079 18700 63996300 227801721418 2270 8749
1525911080 18611 63997233 228648499275 2286 7838
1525911081 18318 63973027 232783426797 2210 9289
1525911082 17891 64012494 238118023196 2522 8602
1525911083 17955 63979820 237114195024 2443 9206
1525911084 18075 64020742 237810545006 1761 12891
1525911085 17786 63991955 239525123493 2498 10211
1525911086 17900 64003151 238128910219 2487 10160
1525911087 18367 64004617 232616711353 1503 8593
1525911088 19108 64003862 223322305084 2069 8538
1525911089 17978 63993808 237158654996 2260 10580
1525911090 18864 63983314 225511279732 2340 8020
1525911091 18011 64004566 236473267212 2285 8776
1525911092 18042 64009810 235853883288 2484 8460
1525911093 17949 64003114 236793539630 2350 7711
1525911094 18055 63991467 235546123943 2302 8567
1525911095 17972 64012263 236872628511 2397 9042
1525911096 18416 64013168 231302033738 742 9192
1525911097 18234 63971243 233303477607 2363 8253
1525911098 18137 64010022 234525745300 2445 8681
1525911099 18102 63998263 235112241323 2475 8966
1525911100 16422 63991688 565214271508 2409 63189
1525911101 18182 64010700 236711634286 1861 12446
1525911102 18338 63986531 232163300037 2247 8902
1525911103 18221 64008375 233463861303 1910 9049
1525911104 18254 63990866 232968769688 2414 8409
1525911105 18172 64025731 234314085639 2379 9231
1525911106 18193 63973052 235875418952 2416 12446
1525911107 18319 64006959 232750722051 2301 9052
1525911108 17875 63990950 237783044518 1994 7857
1525911109 18038 64018642 236113628302 1599 9663
1525911110 17902 63989320 239155611534 2524 12571
1525911111 18114 64026892 235023441842 2434 11044
1525911112 17890 63978789 237414933617 2534 8592
1525911113 17950 63991532 236622831780 2500 9073
1525911114 17904 64009318 237392770224 2457 8927
1525911115 17954 64003486 236772366786 2449 8748
1525911116 17943 63984412 236713698436 2510 8497
1525911117 18036 64011837 235617277733 2516 9433
1525911118 18189 64005791 233752998969 2495 8328
1525911119 18135 63990116 234171186942 2316 8784
1525911120 18308 64013274 231978080160 2473 7325
1525911121 18210 63986123 233301953539 617 9253
1525911122 18106 63990171 234668113095 2497 9058
1525911123 18249 64015856 232970999258 2428 8483
1525911124 18304 63998446 231981127316 2459 8509
1525911125 18389 64019686 231279493594 2457 8653
1525911126 18368 63979095 231216717821 2335 9944
1525911127 18361 64026963 231573506275 2466 8197
1525911128 18763 63959251 226907967343 2109 11603
1525911129 19182 64022244 221724879428 2298 8583
1525911130 19145 64024137 222249107617 2311 8447
1525911131 19060 63962415 222759632979 2352 7383
1525911132 19185 64006899 221891348489 2320 7695
1525911133 19344 63995798 219673436978 2293 6836
1525911134 19261 64007946 220834799882 2230 8450
1525911135 17466 63985465 419923848627 2338 69563
1525911136 17982 64023945 237350513857 1229 8117
1525911137 18703 63972226 227389369572 2337 9506
1525911138 17842 64002896 237762907558 2447 8005
1525911139 17822 64005922 238250443538 2516 9607
1525911140 18328 64021935 232532603483 2385 9513
1525911141 18494 63966538 229663591948 2406 8012
1525911142 18461 64012629 230485290685 2461 8456
1525911143 18374 64024960 231649604340 2455 8004
1525911144 18330 63964030 231797905146 2218 7371
1525911145 18285 64020332 233340163494 1378 8546
1525911146 18916 63998411 225312646653 2281 7674
1525911147 18841 64008809 225999428743 2334 9068
1525911148 19130 63989959 224758988983 2312 13080
1525911149 19374 64004502 220165564464 833 7954
1525911150 18934 64010503 224757096927 2280 8859
1525911151 18817 63967003 225495939461 2385 7983
1525911152 18718 64035762 227159264848 2427 7636
1525911153 18719 63986430 226983618342 2418 7823
1525911154 18744 63989761 226997741397 1547 8217
1525911155 19024 64021182 223646234080 2227 9278
1525911156 19096 63988545 222681334547 2354 7434
1525911157 19056 64007042 223099500394 2333 9393
1525911158 19058 63991596 222984056604 2273 8583
1525911159 18505 63988408 230366994942 814 10519
1525911160 18247 63992050 232394809802 2361 8138
1525911161 18236 64010395 232457331913 2401 7449
1525911162 18511 64016301 230038482447 2282 10644
1525911163 18515 63987827 229509988247 1591 7410
1525911164 18526 64008256 229489589108 2438 8400
1525911165 18640 63996152 227755267366 2362 6949
1525911166 18669 64000088 227528035648 2393 7725
1525911167 18717 63992985 226956292529 1698 9060
1525911168 18772 63993457 226207512885 2349 9553
1525911169 18868 64015912 225226332364 2237 7816
1525911170 17331 63998728 458605766454 2370 68928
1525911171 18868 63996834 225145322634 2407 7003
1525911172 18832 64004499 225650798237 2395 9032
1525911173 18723 64001579 228541994093 2385 12143
1525911174 18353 63987438 233041692710 1930 11301
1525911175 18528 64011917 229515546249 2428 8807
1525911176 18481 63987202 229937561506 2452 9188
1525911177 18520 64021360 229579498164 2416 10022
1525911178 18127 63979736 234659350958 2414 8607
1525911179 18029 63981332 235704062526 2455 7670
1525911180 17878 64020839 237557009237 2522 7976
1525911181 17995 64021175 236263056787 2421 9457
1525911182 18915 63988890 225370625244 1614 8479
1525911183 19001 63981701 224150860871 2268 8892
1525911184 18661 64009790 227660223344 2398 8204
1525911185 19250 64002388 222114786662 2115 10463
1525911186 19121 63984908 222259969186 2309 7253
1525911187 18990 64009951 223886448777 2364 9433
1525911188 18888 64026247 224884082967 2355 9519
1525911189 18299 64004159 232526025229 2140 7731
1525911190 15154 52551577 190070485983 518 7590
1525911191 2383 75445360 68928658234954 448 1061874
1525911192 16971 63977950 412601953822 342 69867
1525911193 17858 64003093 238558492835 2537 8818
1525911194 17961 64010283 237416903261 2536 8938
1525911195 17817 63967900 239178227944 2451 9267
1525911196 18165 64016867 234534944195 1535 8831
1525911197 18370 64011734 231829352422 2428 8238
1525911198 18266 63990297 232967410405 2416 8150
1525911199 18692 63985462 227906065598 2414 9429
1525911200 18101 64037195 268008228531 2207 37654
1525911201 19029 63976309 223348440581 2395 7831
1525911202 19645 64016472 217114692120 2200 9244
1525911203 19745 63989173 216014866217 2142 8172
1525911204 19695 63999851 216478996469 2218 8198
1525911205 19078 63984082 254675229452 2270 34434
1525911206 17851 64010862 238969908284 2101 9427
1525911207 18271 64010586 232841525740 1618 8718
1525911208 18376 64010280 231501413396 2351 7985
1525911209 18775 63980387 227528488347 2290 8744
1525911210 18383 64010248 231206056526 2506 7315
1525911211 18284 64000811 232495662571 2481 8452
1525911212 18436 64009602 230629952644 2465 8466
1525911213 18551 63989831 229440894245 2405 8236
1525911214 17982 63975362 236364201576 2388 7970
1525911215 17884 63984467 237818248241 2406 8117
1525911216 17837 64025383 238768013863 2561 8499
1525911217 17784 64004579 239295560145 2484 7373
1525911218 17840 64012479 238382714281 2509 9299
1525911219 17902 64007455 237678201397 2562 8619
1525911220 18067 63991610 235347445268 2275 9231
1525911221 18093 63967785 235839590775 2158 9207
1525911222 18339 64013585 232805204225 2125 9393
1525911223 18671 64021483 228321723319 2331 8959
1525911224 18643 63986020 228426000016 2419 8313
1525911225 18569 63984969 229634988891 2414 8093
1525911226 18577 64014961 229362142291 2328 7773
1525911227 18370 63988927 231496361737 2078 8188
1525911228 18281 63985306 232823015620 1066 7974
1525911229 18438 64036580 231318915654 2311 8517
1525911230 18364 64008274 232328264846 2056 8524
1525911231 18361 63963044 232039073064 2243 8228
1525911232 19093 64002216 223748661340 2209 10171
1525911233 18481 64026690 230112115644 1696 10339
1525911234 19485 63994616 219215516000 1369 8279
1525911235 16971 62733413 476023105343 2429 69322
1525911236 18213 65270035 277284824569 2313 86994
1525911237 18408 63983410 230688953716 2488 8434
1525911238 18312 64022137 232386101261 1672 8686
1525911239 18165 63970876 233960549054 1629 8718
1525911240 17944 64015918 237282454240 1297 8501
1525911241 17963 63986271 236398804219 2463 8316
1525911242 18385 64020870 231450925022 1882 9792
1525911243 18172 63984536 234499295992 1294 8528
1525911244 18570 64020732 229228222724 1815 9331
1525911245 18643 63988224 228177172744 1632 8687
1525911246 18843 63995484 226301846154 1718 8886
1525911247 18088 63994791 234918678541 2535 7727
1525911248 18314 64006014 232217880480 2029 7317
1525911249 17705 64010154 240987986890 2526 9821
1525911250 18425 63995848 231330831614 2159 8217
1525911251 17865 63990696 237788112974 2317 7744
1525911252 17707 64010029 240376163667 666 8279
1525911253 17714 64014113 240060739917 1060 9247
1525911254 18124 63972086 234921503252 1186 10290
1525911255 17347 64024950 247506850818 1350 9093
1525911256 17329 63987831 247344402071 1477 9756
1525911257 18020 64002537 235935874973 2113 9134
1525911258 18302 63967276 232177789522 669 9098
1525911259 17716 64019531 240901022731 1441 9422
1525911260 18560 64004266 229199617590 1916 8977
1525911261 18710 63986542 227873318338 1580 9606
1525911262 18556 63994740 229042807226 2325 7364
1525911263 18651 64019222 228290908344 1953 9563
1525911264 18709 63989242 227190922376 2436 8630
1525911265 18709 64001143 227108299721 2367 9749
1525911266 19043 64022693 223559801933 2037 7982
1525911267 19169 63981071 221759585039 2291 7970
1525911268 18933 64029470 224550871274 2418 9049
1525911269 19097 63994114 222406652496 2343 7326
1525911270 18897 63226934 219343500088 2295 7685
1525911271 17532 64764603 424509242685 2174 54541
1525911272 18304 63992642 232104162494 2096 7851
1525911273 18403 63995990 230802649350 2087 7729
1525911274 18409 64011555 230915495049 2207 9005
1525911275 18558 64000281 229101765237 2300 7757
1525911276 18516 64002864 229395464392 2443 9769
1525911277 18436 63987599 232058909729 1119 11230
1525911278 18774 63994492 226726632754 1964 9053
1525911279 18237 64002049 233187502081 2362 8663
1525911280 18441 64021205 230554330775 2201 7627
1525911281 18466 63978121 229891494967 2111 7399
1525911282 17631 63996090 241517140036 2021 8323
1525911283 19317 64023661 221394025373 1309 7649
1525911284 18806 63993988 227073877722 2247 8656
1525911285 19042 64003781 223524961437 694 8170
1525911286 18239 63621459 238153568005 1564 16328
1525911287 18506 63013567 222670725845 2206 7310
1525911288 18649 62626030 218413105660 1017 7226
1525911289 18586 60982907 208160837357 1844 9132
1525911290 18385 60997411 210879382665 2080 8653
1525911291 18462 61033706 209965752212 1431 8321
1525911292 18340 60725579 211876444483 1089 10519
1525911293 18712 59985201 200858035293 1267 9491
1525911294 18597 59353292 197613938014 1876 8256
1525911295 19090 58603414 187468772216 1519 7716
1525911296 18533 57019312 183385574138 1176 8608
1525911297 18333 56165590 179611938364 1299 7901
1525911298 19241 54980202 164564175686 1021 8981
1525911299 18473 54004050 164880885276 1350 7639
1525911300 19107 53088473 153962279955 999 7558
1525911301 18369 52661165 157354298431 1341 6987
1525911302 18510 52006364 152235291974 1805 6421
1525911303 18866 51234250 145331116584 1689 7394
1525911304 19362 49611116 132862705280 1586 6833
1525911305 18688 48711664 132973323838 1661 9122
1525911306 17276 47487439 234105654343 1502 53029
1525911307 17926 45322401 124700421893 1219 18871
1525911308 18629 43238371 105575821785 1047 6565
1525911309 18858 41015838 94148453196 1097 6088
1525911310 18447 40974808 95741389336 1176 6466
1525911311 18869 37115132 77392603544 1013 6272
1525911312 18201 35579812 73391355050 1161 6336
1525911313 18367 33470907 64433003303 1010 5625
1525911314 18188 32185804 60122065556 677 5927
1525911315 17950 31075970 57010706784 901 6031
1525911316 18524 29996622 51366377502 779 7821
1525911317 18800 29446050 48691342396 798 5486
1525911318 19117 26465157 38718639411 668 5740
1525911319 18661 24694945 34687651767 469 5985
1525911320 18949 22681263 28948485709 558 5413
1525911321 17977 19124438 21763065466 467 5494
1525911322 17933 17887932 18897053598 453 4864
1525911323 17420 16270630 16041437134 470 4501
1525911324 16136 14083472 13028177854 433 4752
1525911325 14988 12283461 10642372981 399 4544
1525911326 12800 9379507 7312647775 377 4261
1525911327 9980 6420336 4588732612 297 4890
1525911328 6520 3440697 1966737241 339 4347
1525911329 4575 2134433 1108309335 289 4414
1525911330 4128 1880036 924557744 262 4076
