1525521989 6155 11444542 39080489406 648 36278
1525521990 20054 31999520 57003280734 740 9382
1525521991 20356 32002724 57779923468 815 20902
1525521992 21104 32000164 54521889468 798 9232
1525521993 7816 31134905 1316712208909 774 88380
1525521994 381 32484348 2869614418232 55320 197357
1525521995 293 32346241 3848500110271 838 177386
1525521996 391 29115277 2421642559939 629 121777
1525521997 17745 34925956 894329432588 773 123762
1525521998 20985 31994104 53517058816 767 8772
1525521999 21178 31996764 53063426224 790 8754
1525522000 20774 32002047 56927063787 809 9602
1525522001 20535 31823270 54010000448 762 8954
1525522002 258 29108370 3958513576398 12276 171081
1525522003 14470 35073031 2035080302189 694 172644
1525522004 20901 31988626 52447656208 756 8957
1525522005 20459 32004103 57752887877 750 11522
1525522006 21171 32000913 54431273701 604 9140
1525522007 21774 31997026 50454544756 758 8756
1525522008 2299 30645803 4584883324093 777 241577
1525522009 194 28971423 4525608561429 76594 174628
1525522010 161 34937090 10204766055736 64023 464072
1525522011 194 29627916 4711799911998 83892 175040
1525522012 257 33829496 4775507209536 47110 177291
1525522013 15899 33986632 1652096315344 753 161010
1525522014 21174 32007149 50724729553 840 7635
1525522015 21100 32001001 55694545711 764 9282
1525522016 21365 31991734 51197505416 748 8675
1525522017 21025 32008919 53566781319 734 8989
1525522018 1811 29106964 3768893215828 944 311086
1525522019 19865 34888432 643843301250 728 159564
1525522020 21128 31999209 54452170933 787 9071
1525522021 21154 32009488 55736427484 751 9256
1525522022 21195 31990441 52146276823 784 9786
1525522023 19004 31998166 340650523364 762 103675
1525522024 21162 32000721 50522389259 741 4324
1525522025 21957 31999751 49704257515 753 8942
1525522026 20907 32002961 55209701475 664 9096
1525522027 21997 31998213 52691969555 707 9395
1525522028 22600 31988040 47493253966 739 20543
1525522029 21606 32010706 51043927558 676 8357
1525522030 21275 32009945 53102698061 688 9230
1525522031 19293 31990220 273458130946 677 84183
1525522032 21611 32004842 50959577358 571 8652
1525522033 12096 32000605 6584646772825 617 453495
1525522034 21525 31993716 52437258538 715 8877
1525522035 21315 32000616 51576602600 788 8837
1525522036 21135 32001670 53534440378 691 9232
1525522037 21116 32000359 54783414005 768 9234
1525522038 21268 32003701 53436114449 679 9716
1525522039 21634 31991830 53626855968 724 9065
1525522040 21238 32006782 53119489776 753 9288
1525522041 20995 31997376 54930321246 761 9889
1525522042 21242 31995990 53161695606 739 9088
1525522043 21881 32005775 52772797499 745 9324
1525522044 21289 31996267 53145660693 750 8927
1525522045 20266 31960293 55731857353 737 9977
1525522046 21069 32044965 54846372033 590 9533
1525522047 21587 31999641 52312945043 666 8999
1525522048 21618 31995306 52407166724 693 9057
1525522049 20856 32001472 55376546282 681 8720
1525522050 21484 32001611 51182025169 731 8740
1525522051 22015 31996629 48803673883 705 5689
1525522052 20997 32001655 52434951739 629 8999
1525522053 21517 31995339 51185450073 790 9071
1525522054 21012 32008961 56213898007 755 9061
1525522055 21320 32000632 54460281476 739 9448
1525522056 21619 31998213 49596868157 726 5802
1525522057 21318 31996659 52020873497 588 9767
1525522058 20184 30821473 77562391623 790 38938
1525522059 20470 33175633 316351222221 696 93296
1525522060 21876 32004812 51944451556 671 9104
1525522061 21198 31996248 52295540386 660 10888
1525522062 18876 32004432 57054767630 920 5847
1525522063 20504 31996209 54083648897 771 9593
1525522064 20921 32002562 51657797710 844 5160
1525522065 21014 32001438 54244336304 770 39680
1525522066 21230 31997847 50968855579 800 5552
1525522067 22650 32001550 49424021538 714 9138
1525522068 22399 31997360 50115483194 608 9219
1525522069 21572 31997461 52942744057 745 9347
1525522070 19872 32001574 56003306424 814 9372
1525522071 21851 32005761 59072208939 702 19509
1525522072 19918 31990708 56208557400 731 24601
1525522073 21509 32007406 54714800320 696 9247
1525522074 21888 32001710 51256217284 716 8960
1525522075 20766 31997339 54875937637 724 9085
1525522076 21775 31996621 50735726423 741 8573
1525522077 21615 32006526 51271539488 718 8288
1525522078 22877 31997302 47303289608 660 5351
1525522079 22141 31991208 50091414842 779 8560
1525522080 21264 32015157 52162094065 772 8154
1525522081 22145 31993363 51258454349 695 8812
1525522082 22711 31997136 50899134922 653 8680
1525522083 22821 32005097 48383831863 699 8705
1525522084 22469 32002198 49204474180 709 8280
1525522085 20928 31996871 183429779951 769 66291
1525522086 22064 31999181 53770518675 703 10171
1525522087 22808 32001119 47778872779 745 5452
1525522088 22464 31998173 48680960539 752 5808
1525522089 22390 32002405 49003146971 704 6035
1525522090 22442 31998031 49267891127 702 5798
1525522091 22465 31994476 49430679350 607 6475
1525522092 22430 32005689 49481679109 618 5585
1525522093 20364 32001268 54057132652 719 6018
1525522094 18919 31998934 439832904256 693 104439
1525522095 22837 31996566 47853777930 570 5799
1525522096 22131 32004003 49996424401 693 6724
1525522097 21838 31998258 51485357974 637 8668
1525522098 21490 32001592 62837873306 623 17978
1525522099 21020 32000984 53609652514 698 10785
1525522100 20969 31996970 53229009650 711 10516
1525522101 22172 31996735 51536545009 664 10918
1525522102 22274 32000923 50239467185 726 8396
1525522103 22384 32005500 48690274122 719 5561
1525522104 21673 31995719 53278468727 595 8941
1525522105 20331 31914852 55303431586 768 8699
1525522106 21587 32089962 54442108250 702 10661
1525522107 22184 31993618 52579077680 691 9213
1525522108 22200 31998061 50989927579 743 9629
1525522109 22455 32011306 49904147726 627 5890
1525522110 21965 31994484 52308200384 694 8485
1525522111 22265 31998955 51100254697 667 9001
1525522112 22307 32000952 51335954768 622 8734
1525522113 21458 31995319 55431224921 702 8910
1525522114 21023 32015153 54470100261 676 9258
1525522115 22013 31989431 51680266495 621 10318
1525522116 22070 32003725 51243305975 725 8411
1525522117 22267 31982068 49621137072 645 5430
1525522118 21730 32018571 53323261377 708 10027
1525522119 21118 31997326 52999856446 747 8450
1525522120 21805 31997907 53769750459 613 10061
1525522121 21860 31995356 51333689362 707 6383
1525522122 22186 32008813 51624605425 674 8399
1525522123 21910 32005708 51508796136 680 9786
1525522124 21945 31991172 52646359214 750 8966
1525522125 22104 32002956 51040399730 649 8315
1525522126 22202 32003182 49845155678 730 5524
1525522127 21467 31988639 53833965207 683 9645
1525522128 21289 32014777 53606794373 698 8200
1525522129 19261 31996542 266226069254 735 69102
1525522130 22071 31992084 52308546966 652 8501
1525522131 21446 32000667 56547481155 647 11886
1525522132 21163 31996524 52689530948 771 5704
1525522133 21214 32004011 52337859369 709 5856
1525522134 21657 32000370 52557458232 609 8449
1525522135 21480 31996610 54479305134 595 10144
1525522136 21498 31998806 53948913884 699 8813
1525522137 21493 31997389 52779658901 675 6433
1525522138 21276 31998164 57092122274 635 11475
1525522139 22100 32010339 54213857033 616 10380
1525522140 22390 31990076 50248333886 611 5634
1525522141 22236 32006442 52022272382 657 8662
1525522142 22678 32004995 50193546407 662 5660
1525522143 21992 31990497 53483710509 560 9158
1525522144 21740 32004594 54208882106 585 8979
1525522145 22313 32008831 51671338813 623 11211
1525522146 22075 31992859 52349340281 589 11958
1525522147 21472 31994353 53619153983 689 10648
1525522148 21851 32005059 55023068543 593 9556
1525522149 22336 32001230 53314343176 583 8981
1525522150 23707 31999682 47460463786 578 5564
1525522151 21906 31995049 52373169537 642 9609
1525522152 21002 32002942 54806238590 683 10892
1525522153 13368 28245435 1254602748961 716 195883
1525522154 19398 35755178 2184667882652 624 259835
1525522155 20992 32003616 56359816456 579 8482
1525522156 21976 31992988 52897619970 584 8631
1525522157 22432 32003821 51079075247 574 6967
1525522158 21589 32005407 55776496129 630 10441
1525522159 22749 31996841 52085267593 603 11404
1525522160 17643 32001483 1268095756987 687 196654
1525522161 21961 32002060 60245080888 622 97557
1525522162 20976 31993842 88806405752 594 35441
1525522163 22045 31998507 53928875361 613 8732
1525522164 16450 32000616 1769994391160 642 226605
1525522165 21931 32001260 52247571582 665 6188
1525522166 21471 32002395 53496408709 611 5845
1525522167 18695 32001127 758370054647 702 172346
1525522168 21956 31995143 51029144621 624 5782
1525522169 20920 31999796 53961521378 709 8709
1525522170 21167 32002667 54152000215 662 10919
1525522171 22836 31993037 52772281719 611 9299
1525522172 21683 32001721 53452421989 585 6240
1525522173 20705 32004815 55238653325 681 6157
1525522174 16707 32000627 1851666837805 655 240318
1525522175 22624 31999272 51641576896 603 9108
1525522176 19430 31993838 116880090818 682 46040
1525522177 18727 32002888 59883849092 701 10612
1525522178 19993 32001687 56689780819 678 16214
1525522179 16418 32003027 2064272164011 588 252720
1525522180 23607 32001344 48434496256 613 7046
1525522181 20864 31993739 57212219355 690 11185
1525522182 21575 31966388 55267265378 566 8339
1525522183 20416 32036018 64317037538 732 89840
1525522184 21794 32000769 55299517669 552 8670
1525522185 21705 32006903 64621902281 376 22940
1525522186 22522 31997785 53384377133 569 9374
1525522187 21567 31988877 70989637201 349 29230
1525522188 21854 32008458 55387590100 592 28228
1525522189 15944 32005337 1526855688021 734 216764
1525522190 21532 31999860 59560806986 598 27727
1525522191 21335 31980612 55710586252 562 10134
1525522192 21575 32004507 56510546917 528 9150
1525522193 20429 32008012 57320877884 705 10005
1525522194 22315 32005526 51832757062 593 5960
1525522195 22770 31987065 50490806055 654 6139
1525522196 22472 32011395 53925778139 629 10248
1525522197 16889 28479714 272561666448 662 85686
1525522198 19624 35516819 661058398739 503 132313
1525522199 20852 32001384 336547587742 572 86638
1525522200 22577 31997105 52147314901 512 6342
1525522201 19379 32003060 1043335414410 602 177917
1525522202 22946 31998129 50935286461 587 8716
1525522203 22883 32002217 50241454013 546 5932
1525522204 21483 32002067 55736254825 549 10322
1525522205 23619 31992750 51192683018 578 9245
1525522206 23548 32001982 51772894742 546 8212
1525522207 21932 31992671 53711236523 574 5930
1525522208 20457 32008340 57509752824 685 9752
1525522209 21108 32004204 54746269530 610 5832
1525522210 17780 31990091 1452491447139 587 210967
1525522211 23168 32001099 48931999141 567 6379
1525522212 21100 32002376 53700194160 644 10044
1525522213 20638 31997691 54567111063 771 6006
1525522214 20773 32006112 55039715018 711 5936
1525522215 21884 31996580 55612489506 603 10564
1525522216 21989 32002716 52152131608 551 5751
1525522217 17142 31998375 1541654937573 579 219743
1525522218 20860 31991812 56910284166 563 8667
1525522219 16812 32008728 1318805385470 567 201120
1525522220 22896 32008844 56412715948 583 29486
1525522221 22432 31994791 86364730909 573 36667
1525522222 19734 31995025 153825170449 642 58194
1525522223 21716 32002347 54473331175 560 18322
1525522224 23073 31998890 51834096540 570 6432
1525522225 20963 31997913 61507376809 567 15084
1525522226 21997 31999389 58706325143 547 51399
1525522227 21970 32007277 54380750883 601 20947
1525522228 21992 31999198 52430078980 636 6220
1525522229 21603 31987842 54368282018 603 8356
1525522230 21624 32004055 64214554125 608 19430
1525522231 21668 32003782 57891399130 584 10480
1525522232 19792 32001900 348638111942 536 98623
1525522233 22438 31990897 51481918357 566 10249
1525522234 20849 32009702 360626848642 630 102976
1525522235 20517 31999376 59706298336 600 22133
1525522236 20921 31997726 56494988066 659 10289
1525522237 21829 31992341 53137069921 463 9184
1525522238 21984 32010423 55119382785 484 10212
1525522239 21256 31990332 56098073084 590 11008
1525522240 21964 32003194 53567197492 602 6134
1525522241 22874 32000920 52070352374 481 10156
1525522242 21924 32004319 52773893793 565 6271
1525522243 20836 31998385 56486514823 606 8487
1525522244 20437 32004713 55828047103 680 6553
1525522245 22006 31999863 59123094571 588 12562
1525522246 21657 31993915 52844772099 651 5801
1525522247 20755 31999406 76031367826 594 28036
1525522248 20258 30207063 53508727231 591 12019
1525522249 20208 33784864 240727036802 761 77980
1525522250 21394 32008451 55108392863 622 6002
1525522251 21157 31996325 55562958755 524 6220
1525522252 21538 31997806 56021212384 526 9456
1525522253 22061 32005524 54781208722 545 9965
1525522254 21449 32000450 57558496740 525 10636
1525522255 21688 31999462 58609995960 564 11663
1525522256 21140 31998499 58220519453 632 48501
1525522257 19306 32007202 916526679882 555 166367
1525522258 20936 32001648 56804621080 655 6491
1525522259 21349 31999652 55758441064 589 9777
1525522260 20919 31996957 54915525949 610 6424
1525522261 20462 31993554 57332401636 677 9290
1525522262 21449 31985252 56337326676 569 12905
1525522263 21468 32012490 56365535718 588 7889
1525522264 21588 31998542 55462946070 537 6106
1525522265 22346 32005422 53423922604 588 10212
1525522266 21112 32008260 54516683012 651 5785
1525522267 21668 32001046 54478628536 620 6048
1525522268 21676 31996650 54685970992 617 5786
1525522269 18627 31997738 369636414472 616 96728
1525522270 6282 9493588 15943034000 385 5531
1525522271 12293 54499257 41245175471945 523 1136243
1525522272 20804 31997577 58346434059 528 11070
1525522273 21018 32013627 58506424195 575 11462
1525522274 20819 31990085 55576385949 560 6201
1525522275 22599 32003178 53332047002 547 8562
1525522276 22566 32001612 52101324256 517 5920
1525522277 21551 32005244 53554521286 549 7356
1525522278 22089 31988379 52322302873 579 5970
1525522279 21850 32009543 56296138905 500 6587
1525522280 22197 31996538 54673901326 495 6640
1525522281 20693 31999653 58629595945 561 9730
1525522282 21964 31998950 56298675206 559 10117
1525522283 21847 31998453 54678738663 558 6557
1525522284 21826 32005803 55102975927 493 9346
1525522285 22452 32000043 53708069985 501 9211
1525522286 22610 32007394 55445682464 574 10581
1525522287 23404 31991907 49483081337 603 8697
1525522288 23154 32000461 50993347031 592 8231
1525522289 22636 31993929 52601638547 592 5874
1525522290 22312 32005016 54363067820 543 9935
1525522291 20934 31991515 56349127303 670 8805
1525522292 21402 32005991 55272875799 601 10418
1525522293 23205 31997286 50184329058 506 5803
1525522294 23602 32003950 50756650662 526 7835
1525522295 22072 31949321 53687794805 623 8622
1525522296 22847 32053022 52178267974 594 9677
1525522297 23010 31995983 51921682487 568 8765
1525522298 22420 31995393 51755356899 567 5558
1525522299 22503 32000906 53757392054 559 8648
1525522300 22111 32004522 51757338322 568 6017
1525522301 23022 32004347 51536230253 599 9732
1525522302 17284 30731907 327431247161 530 51791
1525522303 16613 33269726 466894578252 612 63466
1525522304 13861 31980290 1278932537162 542 175530
1525522305 16800 32017023 378454345541 591 52277
1525522306 16771 31995853 452609688381 596 53107
1525522307 16775 31344524 386790499014 571 53159
1525522308 17124 32656422 463691103840 586 52824
1525522309 16559 31999583 450010437251 553 51563
1525522310 16577 32003019 463256289227 658 66502
1525522311 16028 31314147 411169245725 618 52895
1525522312 16488 32680828 481044937840 582 54258
1525522313 16488 32003344 408802599444 661 57085
1525522314 15810 31994558 481237200942 587 53507
1525522315 17911 31999588 365764407352 623 51669
1525522316 16258 32006808 455746822576 558 54669
1525522317 16428 31998897 399543699297 600 51796
1525522318 16316 31522226 376246229902 573 52408
1525522319 16222 32475243 444288369997 477 53479
1525522320 16675 31997286 414089847782 607 57766
1525522321 16275 32001777 456508847183 586 53698
1525522322 16694 31993091 393292773385 577 54196
1525522323 16521 31998196 433661024250 559 54511
1525522324 15660 30680185 405251386691 617 54109
1525522325 16133 33339319 492983245363 567 56908
1525522326 16625 31996072 414035322884 627 53162
1525522327 16337 32001103 461954450711 572 57989
1525522328 15811 31991713 402895012013 654 57569
1525522329 16089 32009367 445645007587 526 51473
1525522330 16499 31997537 430173421891 568 58310
1525522331 16210 31999884 446080910320 568 57634
1525522332 16801 31999174 377815383972 549 52227
1525522333 15554 30700486 382023623338 642 62317
1525522334 16793 33299426 448337338196 620 50815
1525522335 17775 31750166 361436319940 592 50265
1525522336 15958 32254240 474585987442 590 58482
1525522337 18167 31995322 307079780262 547 46216
1525522338 16352 31438419 372384185905 498 53664
1525522339 15260 32557115 1126215822603 547 165144
1525522340 16326 31323180 376026484064 465 56894
1525522341 16120 32683084 436960156126 495 51643
1525522342 15661 32010666 468359738770 474 59001
1525522343 15793 31364316 399641702084 513 57196
1525522344 15786 31595936 399599466318 442 58464
1525522345 15983 31956401 453986511883 559 59040
1525522346 16125 33071672 474662273968 639 55032
1525522347 15782 30522471 365993564997 552 55897
1525522348 15850 33476355 579916456049 541 67363
1525522349 16126 31469896 372541756852 504 60067
1525522350 16055 32474530 459719928212 590 56500
1525522351 14686 32057990 534636198778 477 64550
1525522352 15133 31994586 472723734386 469 57212
1525522353 15627 31993710 444243715940 519 59695
1525522354 15802 31018168 376588942356 324 57395
1525522355 16075 32738179 424106730325 547 58417
1525522356 16275 31381834 373644109722 491 53444
1525522357 15942 32876379 448327658297 416 61939
1525522358 15055 31992065 498699793293 566 59838
1525522359 15535 32006348 465216675986 467 58851
1525522360 16343 31993960 380558893050 572 62500
1525522361 15765 31997846 425848452904 517 53493
1525522362 16164 32003400 505369463218 461 65341
1525522363 16292 32001669 406293695745 571 55687
1525522364 16322 31995274 464742131188 478 59489
1525522365 16524 32008828 429179769974 528 65642
1525522366 16683 31986211 418694101287 539 55657
1525522367 16319 32001784 393520470026 543 55301
1525522368 16779 32014519 382173846413 643 59255
1525522369 15834 31993688 392307640674 501 50450
1525522370 16371 31999285 400870870475 538 55042
1525522371 17963 31988480 284105367920 386 44354
1525522372 17338 32010126 346376694768 556 61545
1525522373 17441 30759502 258600096674 484 43486
1525522374 16592 32069502 318352444090 489 44739
1525522375 17172 33180362 410555587570 530 48457
1525522376 17630 31987930 305086892298 541 46548
1525522377 18385 32000487 279196639023 567 44606
1525522378 17160 32003838 330110180330 537 47898
1525522379 17764 31989523 293404392245 581 43479
1525522380 17553 32004528 324994467338 552 53462
1525522381 18019 32003480 287890828672 582 44309
1525522382 16953 30727633 281398371533 568 48977
1525522383 17388 33274457 384660512511 578 49601
1525522384 18277 31995802 274081795996 570 42505
1525522385 17746 32002620 311024293766 538 50976
1525522386 17568 31874083 336749857835 536 54380
1525522387 16884 31686883 372837300681 512 62340
1525522388 16842 31355249 342145173147 644 50214
1525522389 16931 31917521 344324642573 578 46857
1525522390 17159 32901282 403592162684 588 55283
1525522391 17142 31661934 335487160248 345 51336
1525522392 17881 32600803 340453946803 592 48046
1525522393 17845 32007737 307286536311 573 47321
1525522394 16725 31973407 354430643799 588 49641
1525522395 16304 32026053 541642549679 665 92527
1525522396 18936 31994881 256657568737 497 46458
1525522397 16786 32002428 339483966606 559 51560
1525522398 16748 32005010 381358672578 561 56761
1525522399 16441 31994221 417582384945 580 56630
1525522400 17186 32004109 366130169437 561 54180
1525522401 16792 31908239 334975666363 615 51492
1525522402 17877 32070310 300861804376 510 47200
1525522403 17378 32016349 329374130673 563 47095
1525522404 16893 29841957 237059966683 559 46129
1525522405 17606 34146122 585879793384 565 101717
1525522406 16628 32014217 410048542725 589 58731
1525522407 16389 31931903 413807353553 556 59014
1525522408 16068 29480541 306242262721 585 49492
1525522409 0 0 0 0 0
1525522410 0 0 0 0 0
1525522411 0 0 0 0 0
