1525682760 3785 9733219 48997868795 506 34973
1525682761 17051 31990844 87502440686 471 11576
1525682762 18605 32019774 78355388626 435 10027
1525682763 18940 32007302 76300395520 426 8830
1525682764 19318 31991390 74195573410 378 11764
1525682765 19777 32003724 71549699688 473 12510
1525682766 19026 31992150 79952667040 465 12588
1525682767 19454 32006851 75688204117 451 9275
1525682768 19393 31995906 77574210256 419 11322
1525682769 19663 32000237 76352607571 472 10958
1525682770 19924 32002789 74213872779 414 11086
1525682771 19879 31972580 73314501146 447 11357
1525682772 20646 32032728 66501294512 497 8942
1525682773 20573 31978183 67413147215 450 11877
1525682774 20525 32015519 68248242315 442 8260
1525682775 20580 31994864 69485313710 446 10013
1525682776 20438 31992374 70221510612 457 10576
1525682777 20521 32006893 70813719603 472 11055
1525682778 20501 32003328 71806082456 491 11722
1525682779 20932 32004589 66501567557 445 8678
1525682780 21136 31990449 63274144615 466 10860
1525682781 21072 32003997 63793270165 490 8602
1525682782 20980 32004322 67150059270 503 13141
1525682783 19258 31995054 180660829518 495 57643
1525682784 20750 31993322 68972983660 481 11542
1525682785 21209 32001870 64871731142 470 8781
1525682786 21067 32012909 66656121797 513 10940
1525682787 20975 32003288 66101870450 521 11057
1525682788 19640 31996819 182309243619 512 61078
1525682789 21252 31985071 58868261401 538 7762
1525682790 21289 32018510 63018428446 505 9905
1525682791 20842 31993037 64884469241 537 10512
1525682792 21572 32000096 62064873514 517 12266
1525682793 20413 32006294 111357017792 499 48110
1525682794 21836 31992158 61179215102 494 10518
1525682795 21484 32006531 60132969245 502 8385
1525682796 21569 31998614 60722305856 546 12520
1525682797 21804 32002355 56894187829 547 8755
1525682798 18148 31989129 451549650711 562 144851
1525682799 21270 32002575 61107185081 557 11710
1525682800 21263 32000868 62945504432 499 11268
1525682801 20985 31971701 62906465557 454 11761
1525682802 22150 32030055 58745847053 485 11923
1525682803 21048 31995389 58552991153 605 8358
1525682804 21042 31997933 56889354035 608 8729
1525682805 20799 32010419 58566006687 582 9035
1525682806 20994 31993915 58016756383 598 9930
1525682807 21061 32003980 57996020406 560 7383
1525682808 22080 32002488 56271501286 525 9463
1525682809 22344 31996755 55814238593 503 8747
1525682810 21450 31998268 56221909902 545 7691
1525682811 21341 31995266 58706740022 491 9137
1525682812 21249 32014107 57475805037 596 10368
1525682813 13764 31994543 1604445626829 608 199347
1525682814 20526 32002070 57547702896 603 8052
1525682815 21485 31998160 57693991332 608 9372
1525682816 21567 32000986 58731020020 620 10663
1525682817 21955 32000630 54903988792 590 7377
1525682818 22232 31997029 54208755829 573 8484
1525682819 21494 32002605 57921729683 552 9048
1525682820 21040 32004288 57190659604 664 9425
1525682821 22116 31993066 53658480140 581 8197
1525682822 22001 32004977 54193033287 663 11754
1525682823 21541 31994147 55013059285 603 7591
1525682824 21304 31999713 60612928965 619 11667
1525682825 21871 31994028 56237643272 544 11170
1525682826 21673 32004794 56472508362 612 9892
1525682827 22413 32000314 53171292332 612 7310
1525682828 21563 32008539 131193196189 620 60025
1525682829 22690 31995950 52430270990 541 7366
1525682830 22340 32000123 52606704355 589 7699
1525682831 22503 31999603 54301765451 590 10748
1525682832 21347 32001480 58008221306 604 10230
1525682833 22623 31999729 52158717833 608 7613
1525682834 22094 31993152 54678019078 642 8953
1525682835 22716 32011533 55278150841 637 12214
1525682836 22563 31992044 53220739620 636 10214
1525682837 22432 32000581 52697077683 632 8024
1525682838 22188 32000695 52374032619 585 7220
1525682839 21538 32002657 54049950277 566 6849
1525682840 22884 32002973 51051639175 596 8198
1525682841 22805 31996021 52772486945 615 9102
1525682842 21739 32003616 55462142808 608 9774
1525682843 21509 31999330 57973254530 658 16696
1525682844 22745 32003500 52101951402 584 11294
1525682845 21333 31990876 55333127308 660 11257
1525682846 21936 31970045 53711985463 603 9010
1525682847 22097 32036145 54063316641 624 9871
1525682848 16346 31997388 572981313810 663 92378
1525682849 21662 31991258 57521179116 550 10578
1525682850 21664 32002764 54591126456 653 9311
1525682851 23512 31996341 49495171881 578 5883
1525682852 22029 32003424 56024947874 590 11320
1525682853 22879 31996519 52425080841 601 9493
1525682854 20811 31998627 54322909483 656 5845
1525682855 22176 32003657 51310547865 633 6649
1525682856 22084 32006349 52379064645 660 8867
1525682857 22154 31994911 51263261905 653 6264
1525682858 20936 31993634 53823515166 679 7289
1525682859 21209 32006774 54544810320 615 8900
1525682860 22185 32001176 53912702288 609 8680
1525682861 23557 31989021 50439006145 557 8955
1525682862 21403 32009928 54970207198 667 11691
1525682863 21272 32006846 114788714904 652 47724
1525682864 21263 31990276 53538414272 628 6371
1525682865 21763 31999102 53870497610 644 10038
1525682866 22373 32004991 51027036671 669 6876
1525682867 22651 32005497 51294960363 630 10638
1525682868 22061 32002670 52209820936 661 8374
1525682869 22183 31997683 50765726107 641 6278
1525682870 21408 32001654 54948901168 622 8752
1525682871 22374 31988462 50042361354 737 7472
1525682872 22007 32001318 54082753802 646 11074
1525682873 21423 32001805 52211273669 667 5985
1525682874 21806 31997580 52765518324 658 8484
1525682875 23324 32003607 49515163539 622 9378
1525682876 21479 32005081 52193142525 696 6682
1525682877 22167 31998291 53066494503 721 9595
1525682878 20293 31719439 143757186437 657 43239
1525682879 20076 32285086 221736768928 688 83050
1525682880 24404 31996845 46015231077 583 5658
1525682881 23266 31999314 51497073656 549 10000
1525682882 22468 31998405 50623730509 701 8030
1525682883 22313 32002514 52358740456 624 11296
1525682884 23324 31995044 49692638868 587 8720
1525682885 22497 32009747 51836655659 603 9375
1525682886 22177 31987999 50720880373 603 6828
1525682887 22177 32005695 50792344073 640 6436
1525682888 22785 31995442 50819896238 677 8756
1525682889 22730 32003213 49735322441 688 6632
1525682890 22840 32005901 49327778075 633 6240
1525682891 22448 31992164 52440178156 570 8754
1525682892 20786 32000158 56005968742 709 9467
1525682893 21811 32001678 53150989798 619 9355
1525682894 21617 32002204 92525593282 666 48139
1525682895 21763 32002663 52544648465 715 10170
1525682896 22970 31990777 49473292051 668 8847
1525682897 20882 32003418 54443838334 732 11791
1525682898 21000 32003443 55370263235 744 9601
1525682899 22005 31991458 51868498566 694 9136
1525682900 22234 32004646 51041373932 735 8486
1525682901 21123 31999875 54028713885 734 8567
1525682902 22587 32002425 51859259671 681 9222
1525682903 23124 32002571 48653944033 681 6053
1525682904 22480 31989791 52415510613 612 8381
1525682905 21188 32007892 52324819672 749 7986
1525682906 21203 31999813 51887274183 788 6410
1525682907 21533 31994631 53894012449 663 9422
1525682908 22345 32006699 49494355473 647 6087
1525682909 17653 31992198 315745419296 746 51778
1525682910 21363 32012598 54436284752 677 10998
1525682911 22195 31988494 49515271282 659 5530
1525682912 21398 32003717 53755390983 762 10121
1525682913 22510 31999221 50507395763 651 10478
1525682914 21425 32002948 51250580034 724 7268
1525682915 21431 31995325 52761327367 593 9197
1525682916 22732 32005824 49301018624 686 8305
1525682917 20749 31991358 53618364430 778 8761
1525682918 21428 32005666 52300795202 732 9177
1525682919 21051 32003729 56935575341 760 11099
1525682920 22438 31996774 49012736264 737 6336
1525682921 21843 31993434 51826047372 731 10234
1525682922 21208 32009189 53140909945 724 9135
1525682923 21274 31992030 51577126414 657 5751
1525682924 20128 32002516 162568160612 729 67684
1525682925 22144 32008120 51183932842 664 8699
1525682926 21815 31995558 51613675704 745 8962
1525682927 22065 31991011 52990319877 641 9149
1525682928 21982 32011909 49832338773 681 5641
1525682929 21155 31990987 58350513023 723 11973
1525682930 21594 32006644 51916354628 756 9504
1525682931 22192 31994881 49618390439 679 6299
1525682932 21174 32001470 52527242810 746 8939
1525682933 21238 32002169 54028672241 690 9262
1525682934 19989 31993777 62155167509 826 16563
1525682935 21794 32009060 51135717804 719 8933
1525682936 22560 31998557 50835929951 675 9044
1525682937 21603 31999176 51575779466 684 10142
1525682938 22015 31997360 51275811060 673 10178
1525682939 18005 31998037 247231283871 660 50405
1525682940 21933 32008715 50720475285 753 8321
1525682941 21820 31997252 51163402944 739 8765
1525682942 22758 32006318 49571769922 643 8574
1525682943 21293 31989326 51408358408 708 6029
1525682944 21062 32001139 61497526275 715 16952
1525682945 21737 32005272 54330357824 661 9177
1525682946 21140 31999482 52910695016 784 8805
1525682947 21394 31994568 51588012964 703 9168
1525682948 21031 31999590 53630144480 764 8880
1525682949 21337 32002922 51744744670 661 8778
1525682950 20654 31996923 52587328793 762 6299
1525682951 21768 32005056 53898746670 631 9226
1525682952 22697 32000290 51251381088 696 10043
1525682953 21507 31999080 52322333720 690 9571
1525682954 20958 31998667 62596740665 800 16184
1525682955 21991 32003551 51276711319 708 9151
1525682956 23136 31998039 47954255439 645 5729
1525682957 21710 31990190 50550980440 629 6108
1525682958 22016 32001295 52386027813 645 9524
1525682959 20650 32012125 103714462599 703 47060
1525682960 21304 31996068 52899005354 751 8850
1525682961 22192 32000292 52218918072 723 9094
1525682962 21385 31999943 51716336059 669 6431
1525682963 22315 31995647 49464817093 652 6411
1525682964 21411 32000049 60888673405 615 14350
1525682965 21715 32006793 51332633635 644 6183
1525682966 23541 31998684 46735054948 654 7379
1525682967 21580 31993700 51434786458 684 8317
1525682968 21737 32003550 51107063562 687 7889
1525682969 18796 32000977 186439646575 696 57666
1525682970 23268 31996443 47456994941 668 5357
1525682971 22743 32006430 50254780322 692 8846
1525682972 24244 32000821 45856263389 586 5482
1525682973 21588 31991925 50766590189 657 6050
1525682974 20953 32000491 60661671121 727 15984
1525682975 22304 32003429 50786536537 677 8540
1525682976 22026 32003009 49831558203 735 6095
1525682977 22007 31991968 51204945038 704 9249
1525682978 21151 32006616 51550624932 751 6011
1525682979 21377 32003320 53895600028 741 10333
1525682980 23715 31994986 46130027050 634 5457
1525682981 23711 32002087 46052776555 572 5473
1525682982 23284 31999023 47112487365 634 5330
1525682983 24266 31995146 46441587060 654 8110
1525682984 23381 31995243 47278341953 553 7564
1525682985 22930 32012387 48342754251 600 6351
1525682986 22292 31994123 51898063245 612 9605
1525682987 21923 32003607 50259301883 720 6014
1525682988 22263 31998645 50994478501 706 10096
1525682989 22539 32001351 109395418143 646 54083
1525682990 23952 31998122 45991250448 650 5512
1525682991 22427 32000220 50561870222 684 9436
1525682992 22419 31996560 50433660056 617 10202
1525682993 21765 32004107 51570504069 693 8226
1525682994 22848 32002736 47951273376 703 5781
1525682995 22685 31993554 48543044572 688 6460
1525682996 20417 32001437 53578768615 610 6356
1525682997 20639 31996770 52857847962 841 5759
1525682998 22290 32006848 49263577218 728 5505
1525682999 22081 31145820 49146480084 717 18345
1525683000 16393 32852049 332797631549 779 38461
1525683001 22198 31999140 50329164716 699 8566
1525683002 23260 32006004 47279018476 653 6572
1525683003 20868 31991759 53640702691 759 10436
1525683004 21553 31999509 53537755097 654 10835
1525683005 22856 32006432 49196076400 688 8830
1525683006 22171 31997110 48957308840 604 5644
1525683007 20825 31994818 54419967352 760 10875
1525683008 21083 32012302 51419695348 737 5506
1525683009 22151 31994975 50475377007 762 9622
1525683010 20774 31998493 52528139553 833 6428
1525683011 20704 31999725 52823670283 753 6399
1525683012 20841 31997355 52193645813 820 5833
1525683013 23698 32001581 46354554545 620 5791
1525683014 22141 32002661 49236584101 700 6627
1525683015 23002 31991455 48867972281 723 9638
1525683016 22980 32000177 48995116067 705 8627
1525683017 22091 32005897 50776432837 718 8725
1525683018 23711 31998145 46417266543 585 5643
1525683019 23399 32004299 48615270917 584 8547
1525683020 21917 32004154 106209413400 663 40723
1525683021 9917 31997333 10738865137769 363 584434
1525683022 21613 31989116 54431210212 599 11191
1525683023 22167 32001101 51508738435 652 9317
1525683024 21412 32009528 51845869674 572 6361
1525683025 21697 31996272 53814926684 621 9087
1525683026 22260 32003932 49854306530 638 6136
1525683027 22207 31995432 50432199400 598 6176
1525683028 22222 32002686 52413603218 704 9536
1525683029 22367 31999056 50248691786 724 6552
1525683030 20042 31998293 110439610181 701 46921
1525683031 21777 32004835 51690097399 729 6915
1525683032 21795 31998192 52449373246 681 8431
1525683033 22221 31996121 50681134849 494 8571
1525683034 21795 31999672 52223578030 723 9224
1525683035 21735 32005358 51414801028 587 7194
1525683036 21884 32012242 54873643290 591 11790
1525683037 21887 31978755 52465147241 550 8692
1525683038 21504 32001222 51935720868 649 6305
1525683039 23062 31998700 47996893444 680 5835
1525683040 16638 32004863 173851223783 669 22980
1525683041 21803 32000562 53219798470 689 8274
1525683042 21950 32006727 52937791955 663 6731
1525683043 21954 31997735 53539437501 696 9573
1525683044 23515 31996990 47755664096 638 8305
1525683045 22411 32001841 52573526757 648 10962
1525683046 21714 31999775 53999688353 601 7975
1525683047 21489 32001516 54259668370 654 8687
1525683048 21278 32001626 57750089470 600 8811
1525683049 21034 31996660 58702584524 566 9136
1525683050 20985 31990332 57613405580 474 8785
1525683051 21525 32002485 55639745155 624 10151
1525683052 21846 32005495 52667692807 596 7573
1525683053 21685 32000017 53866348755 607 8703
1525683054 21431 31997255 55134016957 693 8776
1525683055 20391 32002070 163628089444 549 74352
1525683056 21509 31997363 55738716719 681 9513
1525683057 21993 32008259 51098417001 665 6509
1525683058 22440 32000848 50515793008 566 8157
1525683059 21047 31999723 55947683029 702 9646
1525683060 21588 31997638 51890233512 695 6753
1525683061 21283 31989648 55258239804 540 8862
1525683062 22003 32009327 50595490415 633 5899
1525683063 21050 31989862 55878509188 442 8919
1525683064 21447 32005596 55602662946 609 8888
1525683065 22433 32008334 48947029204 528 5505
1525683066 23111 31996998 48138302236 667 7916
1525683067 22549 32000269 49297045111 693 8078
1525683068 22123 31995638 52231606478 497 8791
1525683069 21008 31998163 53985863381 651 8561
1525683070 16015 32000268 263294984728 536 59951
1525683071 21786 32002238 51616190808 452 5709
1525683072 21553 32000520 54424413824 619 8742
1525683073 22222 31999263 52379895537 647 9555
1525683074 20465 32001657 57561405153 587 6844
1525683075 19379 31964442 63636648496 637 9404
1525683076 19591 32033719 64527497471 670 10518
1525683077 19733 32000316 62032607180 551 8662
1525683078 19486 31893045 64109810689 515 9219
1525683079 19781 32107751 64617469343 369 9097
1525683080 19788 31999680 62100733966 654 8302
1525683081 20147 31995230 58357450724 579 7110
1525683082 19121 31999512 66049368492 589 10684
1525683083 18907 32003821 67083292761 586 11619
1525683084 21188 32001208 55644202330 509 7944
1525683085 17730 31969081 174417179931 681 64126
1525683086 18414 32009468 67477757130 433 8707
1525683087 18932 32017391 66425037211 467 9342
1525683088 18695 32010987 66747356957 443 8643
1525683089 18879 31992187 66100882479 426 8227
1525683090 19631 31984340 60686729992 635 8245
1525683091 19084 32012814 64616802356 416 7374
1525683092 20209 32003702 59896749994 515 8524
1525683093 20708 32000177 57186485093 411 7181
1525683094 19588 32000551 62639010619 621 8500
1525683095 19563 31996535 62251202731 601 8840
1525683096 19981 32003539 61401556805 618 8751
1525683097 19063 31992278 65913651122 478 12590
1525683098 19801 31942259 61622291267 430 8870
1525683099 19730 32061575 63830982299 515 8228
1525683100 17711 31535029 124685976833 589 31815
1525683101 15857 32467176 191127248498 685 43642
1525683102 19988 32003147 60239802283 443 6733
1525683103 19953 32003564 61521234626 704 7636
1525683104 20667 31990031 57547546099 589 8771
1525683105 20793 32003781 57393185901 523 8981
1525683106 19980 31995869 61731541367 602 8975
1525683107 19965 32004735 60699580175 667 8897
1525683108 19962 32007774 61939625638 580 8240
1525683109 19708 31989115 63330063605 623 10813
1525683110 20252 31997691 60630630063 476 10320
1525683111 19033 32012565 66875912509 555 7179
1525683112 20045 31979394 62519317698 627 11288
1525683113 20437 32014114 61635883162 594 8628
1525683114 20212 31996525 62771564207 483 8977
1525683115 20145 31996993 58243382585 531 7065
1525683116 19257 32002993 110366615591 642 43899
1525683117 20715 31999349 58986272973 520 8895
1525683118 20695 32010831 58754480475 602 9993
1525683119 20294 31987709 60287503751 666 8714
1525683120 20276 32004451 59149260151 587 9355
1525683121 20016 31997090 61794036354 546 11343
1525683122 20330 32002844 59254057062 554 8783
1525683123 19982 31969551 59352537075 568 11664
1525683124 19888 32024774 60363107036 558 8658
1525683125 21648 31995990 54125234536 503 9210
1525683126 20613 32009912 57429183562 549 6699
1525683127 19719 32003922 63681149690 666 8550
1525683128 21809 31998061 51406317177 637 9122
1525683129 21119 32001408 55701769554 659 8655
1525683130 20019 31984585 60440954675 689 7682
1525683131 16248 32017787 200997017759 637 26412
1525683132 20876 31995296 54895314556 653 6658
1525683133 20054 31995671 60997840447 377 7282
1525683134 19902 32011406 61914102728 579 11039
1525683135 20988 31995303 58452956897 579 12521
1525683136 20456 31993265 61475851429 503 9653
1525683137 20780 32003990 54998164470 667 7042
1525683138 21316 32007006 53365815092 588 8755
1525683139 20880 31994216 59749077618 472 11171
1525683140 20766 31996494 56287825310 617 7051
1525683141 20620 31992324 58160038452 537 6534
1525683142 21646 32014020 53846536510 659 6997
1525683143 21196 31998737 56113429795 715 11053
1525683144 21620 31975631 52346010477 646 8753
1525683145 21542 32007379 53031923259 650 8774
1525683146 19250 32002763 141187224997 623 35331
1525683147 21999 32012008 49973882190 698 5573
1525683148 22098 31994359 50206364491 639 5925
1525683149 21674 32004156 50850973254 655 6736
1525683150 21868 31999607 51240641157 628 9778
1525683151 22238 31997335 49030428629 696 5764
1525683152 23329 32008340 46623183674 704 6002
1525683153 22591 32000661 47951825487 732 5628
1525683154 22349 31999456 48595042878 740 5585
1525683155 22559 31995397 49252132597 741 8766
1525683156 20950 31997827 53064853993 809 8915
1525683157 21628 32002001 52960364117 658 8768
1525683158 21177 31998466 51162828266 731 5580
1525683159 22439 31998423 51010601543 567 9113
1525683160 24546 32002439 45568355367 588 8885
1525683161 23014 32002843 49629081001 664 10138
1525683162 22056 32000529 48878005687 737 5048
1525683163 21168 32002794 51129488936 715 5545
1525683164 21820 31993343 49826644569 724 6195
1525683165 22727 32004006 50230104806 695 10047
1525683166 21169 31999070 50961457800 828 5769
1525683167 21772 31997176 51101110612 778 8773
1525683168 21424 31995436 53390132948 729 10710
1525683169 23873 32006328 45289338744 616 6054
1525683170 22121 32001979 50468197045 751 9689
1525683171 21640 31998829 51421421525 745 9076
1525683172 22474 31996452 50238529336 710 8599
1525683173 22744 32004838 49016617578 751 8999
1525683174 22480 31997396 49229158766 733 8690
1525683175 22100 32005674 48713100464 808 5329
1525683176 18946 31992688 123829695624 670 22513
1525683177 22247 32004259 49995175259 716 8415
1525683178 22231 31993099 48806193297 721 6407
1525683179 21625 32002485 51424979105 712 8831
1525683180 21902 32000008 51730583714 778 8820
1525683181 20309 31998644 132151758252 676 51189
1525683182 21107 32003170 51273356618 611 6053
1525683183 22111 31999700 48554382000 784 5071
1525683184 21750 31998886 50760554756 821 8511
1525683185 21883 32005488 51168908040 603 9570
1525683186 21778 31998843 51478820065 622 9285
1525683187 22343 31869513 48416621033 578 5820
1525683188 22973 32124313 49004295471 603 10475
1525683189 21503 32001399 51346087961 690 5823
1525683190 21792 32009215 50632135133 653 6737
1525683191 21746 32004743 51345089209 611 6763
1525683192 21722 31988609 51084787335 536 6020
1525683193 21159 32001169 55007209239 550 9922
1525683194 21779 31997664 50862221974 643 6409
1525683195 21422 31992449 51309025721 597 7560
1525683196 21318 32018770 53390802866 444 7685
1525683197 21715 31986019 51315858889 652 8912
1525683198 22226 32008401 49344314049 665 5519
1525683199 21283 31998846 54172339228 695 9452
1525683200 21999 32007411 49559982789 719 6683
1525683201 22696 31992677 49093020877 604 8693
1525683202 22101 31989719 49131375427 694 6876
1525683203 21378 32009051 50964883751 760 6030
1525683204 21387 31990099 50712562773 762 5971
1525683205 22426 31919923 48824105723 654 8727
1525683206 18162 32087729 126921259809 428 22206
1525683207 23961 31896631 45012133747 693 5732
1525683208 21911 32097442 51207596400 766 10379
1525683209 22161 32009705 50207071333 733 9178
1525683210 22078 31990188 49006631906 705 5766
1525683211 21902 31516401 48043150259 783 6099
1525683212 22119 32493293 75705074713 728 32080
1525683213 21946 31991592 51637488016 783 9165
1525683214 22744 32001284 47465224590 625 6367
1525683215 21751 31996887 49566271475 639 5396
1525683216 22300 32010008 48392566554 751 5627
1525683217 22193 31995930 48520912230 788 5147
1525683218 21853 32003997 49317613841 785 5231
1525683219 21819 31995945 49352630503 801 4939
1525683220 21267 32000635 54483346077 798 9354
1525683221 24368 31997110 44339208764 680 5655
1525683222 22690 32000539 47539801741 702 5193
1525683223 22158 31995458 49911808068 759 8705
1525683224 21749 32005027 50902704785 744 8789
1525683225 23800 31996950 45355686442 609 5435
1525683226 21848 32002355 49404057721 757 6054
1525683227 21094 31998459 51124414265 818 6002
1525683228 24485 32008751 45370980157 702 9032
1525683229 23670 32000153 45571832177 679 5248
1525683230 24013 31998878 44846024898 463 5638
1525683231 23755 31998313 45490781277 662 5389
1525683232 21795 32001208 49620073572 717 5276
1525683233 21809 31991964 53456946218 710 9936
1525683234 22075 32004542 49144155086 706 5342
1525683235 22416 31996210 48370596320 710 5248
1525683236 22134 32002722 50398038578 603 9158
1525683237 17328 32005104 178022953272 665 25918
1525683238 22347 31989727 48850120697 715 5495
1525683239 21961 32007590 51105888850 733 8478
1525683240 22701 32004641 48399381067 659 5694
1525683241 22180 31995758 48980531166 669 5490
1525683242 20785 31991015 96912261027 664 47027
1525683243 21505 32008429 52042780919 727 8942
1525683244 21776 32000746 51580053674 637 8728
1525683245 22352 31998106 48908670070 591 5348
1525683246 22800 32003053 48037724505 604 8993
1525683247 22550 31993381 48741009655 718 5673
1525683248 22325 32002401 49379524705 570 6871
1525683249 22025 32000731 49958457561 660 5272
1525683250 21876 32002824 49958275300 690 5396
1525683251 21907 31995966 50422531246 744 7229
1525683252 21933 31992860 49374317128 687 4960
1525683253 22510 32001738 48430553782 542 5463
1525683254 21904 32010054 49917676664 688 5831
1525683255 21977 31999719 49741622083 685 6173
1525683256 21560 31990877 50971339085 698 5812
1525683257 21584 32001666 52001888542 715 8902
1525683258 22278 32001363 50707959489 659 9127
1525683259 22355 31999613 48919258139 732 5925
1525683260 22991 32001131 47602974335 686 5603
1525683261 21743 32005173 50518251223 675 5723
1525683262 22153 31993538 50520918702 710 8564
1525683263 21968 32004836 52214135452 657 9251
1525683264 22512 31996644 48611982276 649 5280
1525683265 21426 31999315 51933230835 783 9583
1525683266 22210 31998475 49478891573 488 6191
1525683267 17905 32004570 139587644496 668 20668
1525683268 22056 31998649 49535012969 641 5694
1525683269 21438 32003746 51342262096 711 5810
1525683270 20841 31997393 55341828745 652 7518
1525683271 21365 31977587 53445581013 621 7409
1525683272 19845 32022431 101836925285 661 37030
1525683273 21237 32004066 53814937612 678 6832
1525683274 20992 31990434 54650731150 623 6250
1525683275 20520 32004288 57351535422 614 7777
1525683276 20181 31991524 58086855466 573 8543
1525683277 19765 32003654 89222805406 659 25284
1525683278 22041 32004740 49045486898 702 5708
1525683279 20874 32001477 56275254159 561 6802
1525683280 20280 32001257 58310584611 544 9532
1525683281 20202 32001404 61273334684 693 8413
1525683282 21062 31996309 57916341795 550 12334
1525683283 21020 31894764 54661503644 588 8214
1525683284 20725 32106012 57782465882 569 8383
1525683285 20846 32008442 56847447782 678 8509
1525683286 20989 31954040 57976584828 594 9238
1525683287 21140 32018975 55846748383 538 7224
1525683288 20778 32022392 57987084956 654 9094
1525683289 20674 31998816 57384830842 658 7775
1525683290 21646 32000819 50995329471 647 5865
1525683291 22569 31998698 49382042922 515 6567
1525683292 22349 32001808 48801422254 704 5064
1525683293 21124 31994093 55459924957 639 7054
1525683294 20943 32012851 56163831273 672 7051
1525683295 20973 31984698 55372607366 665 6142
1525683296 21146 32005158 55277531260 663 7851
1525683297 21154 31997304 55529579704 489 7627
1525683298 20215 31994980 62055947306 459 10618
1525683299 21934 32011089 51408372119 559 7497
1525683300 22402 31991512 50011927316 611 6952
1525683301 20296 32002340 60508218184 618 8454
1525683302 20692 31997528 56532490684 472 8521
1525683303 21001 32003287 54542865559 571 6484
1525683304 21067 32008060 53231016658 506 5728
1525683305 21166 31992993 54304280333 608 7883
1525683306 20643 31998584 55903983560 717 9205
1525683307 15720 31999931 372420086307 700 76955
1525683308 21317 31992442 52363511490 741 5592
1525683309 21082 32004534 51977204294 738 5713
1525683310 21870 32009310 50644735978 595 5562
1525683311 21657 31956099 50457686983 450 5468
1525683312 21962 32042286 50531121080 657 6119
1525683313 22131 31996888 49088366080 614 5400
1525683314 21273 31998172 52093224964 584 6473
1525683315 21628 32004581 51405748315 672 6001
1525683316 21956 31987023 50266397709 677 5851
1525683317 21567 32009587 50931717355 658 5814
1525683318 21556 32006431 50700273747 729 5976
1525683319 21863 31997731 50617173615 486 5992
1525683320 21883 31994563 50387893037 476 5724
1525683321 21405 31996367 52110664095 744 6171
1525683322 21834 32008888 50744493610 676 8773
1525683323 21784 31995655 50518276611 577 5867
1525683324 21578 32003150 52359830978 561 6868
1525683325 21320 31998768 52640221872 642 6169
1525683326 21259 31995386 52380893978 714 5735
1525683327 21957 32000525 49959385881 679 5861
1525683328 21765 31994110 50895416760 630 5950
1525683329 21878 32008600 50029960964 536 5232
1525683330 22172 32005464 49578173932 537 5457
1525683331 22043 31999811 49773836207 653 5562
1525683332 21688 31997672 51839888564 630 8428
1525683333 21907 31994550 50111590224 581 6085
1525683334 21943 31998246 49957673098 662 5327
1525683335 22308 32005197 49079052867 633 5996
1525683336 21855 31995493 49725568495 770 5447
1525683337 21147 31890073 57782211809 683 10975
1525683338 17634 32114960 115779404012 807 21228
1525683339 21444 32002488 51485538438 578 5706
1525683340 21214 31997809 59210790131 290 18075
1525683341 21406 31992619 51543781301 656 5568
1525683342 21706 32004268 51372543782 523 5396
1525683343 20354 32005015 110507117905 555 48433
1525683344 21429 32003197 51438441025 724 5530
1525683345 21225 31993114 52554323376 625 6916
1525683346 21636 31998147 51367724543 719 5784
1525683347 21942 32002979 50532694067 561 6271
1525683348 21362 32000616 52777732444 592 6612
1525683349 21847 31999220 50311663236 704 5911
1525683350 21976 31997056 50422962044 615 5929
1525683351 21539 32004833 51915026507 606 6155
1525683352 21812 31997615 51031447177 533 6884
1525683353 21745 32002845 52462723947 596 7957
1525683354 21635 31997718 51002685968 522 9319
1525683355 22499 31994571 48085310207 767 6543
1525683356 21487 32005631 50264271757 727 5531
1525683357 21962 31997618 48897004494 813 5748
1525683358 22276 32001456 48500016182 678 5364
1525683359 22195 31994920 48715664860 699 5138
1525683360 22806 32005177 47470469437 702 6120
1525683361 23743 31997912 45401281086 666 5373
1525683362 22046 31996912 48873585030 672 5906
1525683363 22579 32002679 48199358353 647 6500
1525683364 22160 32005212 49069546344 687 5249
1525683365 23819 31999362 45212325136 640 5532
1525683366 22448 31997781 48292235291 749 5769
1525683367 21227 32000756 52046577130 755 8637
1525683368 20486 31997334 127497049186 726 40378
1525683369 21959 32008943 49494486869 752 6572
1525683370 21705 31996078 49567008918 783 5613
1525683371 21309 31990973 50485991255 787 6379
1525683372 21183 32009504 51128571678 667 5554
1525683373 21436 31992660 50463656022 660 6172
1525683374 22610 32002363 48253204047 745 6155
1525683375 22671 31994588 48393903534 599 6133
1525683376 21240 32010380 51280083540 765 5981
1525683377 22369 32001939 48894686581 555 6246
1525683378 20424 31993261 115958427089 716 47085
1525683379 21881 32000389 51749100177 708 9085
1525683380 23233 32003104 47409374346 595 6024
1525683381 21930 31991578 50147581932 627 6047
1525683382 21112 32007347 51643364887 691 6340
1525683383 22649 32000633 48210009589 565 5648
1525683384 21302 31998398 51044433898 704 5883
1525683385 21266 31996507 50890049551 695 5872
1525683386 23104 32002857 47495492829 719 5176
1525683387 21674 31999666 50128341916 756 5879
1525683388 21821 31997598 49688877972 820 5902
1525683389 21821 32004915 49800706409 824 5587
1525683390 22661 31997877 48074351549 761 5893
1525683391 24104 32002201 45148467181 623 5331
1525683392 24338 31997456 44174625226 663 4884
1525683393 24463 32004756 43882124028 714 5223
1525683394 24893 32002905 43427892843 674 5259
1525683395 25108 31993948 43201019338 677 6096
1525683396 22791 31995143 47862264725 729 5677
1525683397 21482 32002240 50592900474 719 5819
1525683398 21413 31998574 86676306128 668 18692
1525683399 22793 31998742 49269181888 661 8708
1525683400 21783 32002598 49756096648 777 5582
1525683401 21498 32002537 50168002339 839 5773
1525683402 21006 32000470 52791474562 771 8834
1525683403 21547 31995330 50359856878 830 5545
1525683404 21486 32000925 51776845129 768 8717
1525683405 21616 31999344 50293947318 807 6186
1525683406 22220 32006864 49153994532 675 5770
1525683407 26251 31999807 41376387275 630 5669
1525683408 23538 31996842 46682265696 594 5622
1525683409 21508 32001975 50499118757 709 6508
1525683410 23072 32000917 47302107791 659 5543
1525683411 21306 31995726 50956281888 801 8955
1525683412 21324 32000578 50725153450 829 5756
1525683413 22322 32001901 74254357461 665 31347
1525683414 23612 31993061 46518832359 703 5643
1525683415 23309 32009246 46964865806 665 6005
1525683416 21554 31992028 50348396192 758 6840
1525683417 21192 31999169 51185413447 842 6509
1525683418 20515 32011334 78992132438 738 14415
1525683419 23943 31994626 45557489200 717 6775
1525683420 22894 31997811 47725584779 760 5759
1525683421 21996 32005662 49502075620 726 5252
1525683422 24310 31996896 44977677262 652 5884
1525683423 25322 32002586 42894048980 682 5350
1525683424 23393 31998029 47743663271 700 8682
1525683425 24103 31996130 45122443394 671 5912
1525683426 24407 31997010 44606758194 701 5708
1525683427 22428 32003822 48735122936 717 5527
1525683428 21942 32001209 50123785079 698 6411
1525683429 24229 32003278 45148143358 655 7072
1525683430 22609 31999278 48291160700 638 5714
1525683431 25119 31990872 43238563790 595 5281
1525683432 25338 32010697 42762366453 675 6423
1525683433 24785 31995246 44276100038 654 6526
1525683434 20824 32006209 52396145999 794 5528
1525683435 22236 31994516 49514479484 716 5646
1525683436 21618 32003203 50449137843 867 6092
1525683437 21452 31989172 50687429892 796 5949
1525683438 24441 32010783 44943502019 619 5816
1525683439 22003 31999253 50198979481 665 5920
1525683440 23039 31997564 49215825930 703 8762
1525683441 24169 32001826 45148317054 607 5489
1525683442 22611 31994047 48681905547 670 6155
1525683443 21195 32002115 90107921015 655 34613
1525683444 23021 32008007 48170055339 685 5736
1525683445 21522 31994991 50852027145 787 5755
1525683446 21887 32003410 50465081394 680 6023
1525683447 22742 31998054 48970103508 662 5604
1525683448 17221 31998879 166737710937 623 24926
1525683449 22481 31999942 49413922134 647 5898
1525683450 22769 32004283 48590515999 696 6143
1525683451 22661 31997010 48709774278 612 7012
1525683452 22862 31994754 48716982074 677 7634
1525683453 22576 31999026 49205628556 606 6482
1525683454 23347 31998337 47627183429 652 5924
1525683455 21869 32008328 50299857060 725 5522
1525683456 21350 31998900 51131378084 776 5528
1525683457 22557 32002430 49705529148 685 6662
1525683458 22336 31998154 50141348812 662 6458
1525683459 22081 31990460 50808736642 531 6688
1525683460 21237 32002642 88311706612 686 38501
1525683461 22328 31998247 49942642401 495 6092
1525683462 22472 32000100 49701869142 597 6091
1525683463 22812 32002090 49718133982 616 6358
1525683464 21520 32005369 52478461765 477 8414
1525683465 21616 31993347 53249590037 629 7676
1525683466 22210 32003712 50392202004 647 7074
1525683467 21967 31988190 51632462786 538 7138
1525683468 16478 32010632 1775671958978 618 233881
1525683469 22707 32005963 49926651823 412 7246
1525683470 23171 31994325 48154398001 607 5852
1525683471 21567 31972514 51974983638 656 6682
1525683472 22749 32027041 49784024489 633 5791
1525683473 21900 31944107 51105061817 629 6616
1525683474 22619 32061028 49976971180 645 8414
1525683475 23134 31996470 48325927610 418 5606
1525683476 23598 32000932 47328467960 537 5701
1525683477 21948 31994875 51504220621 483 6310
1525683478 20322 31917723 142827116557 624 45969
1525683479 16891 32084949 179141480247 609 34185
1525683480 21384 32002413 78988712213 539 32171
1525683481 22404 31999838 50546029020 688 6652
1525683482 22416 32001852 50605412304 682 8135
1525683483 21810 31998188 51018277448 670 7026
1525683484 22780 31995777 50082376075 598 7716
1525683485 22389 32009069 50742010487 527 7998
1525683486 22304 31997384 50573955762 552 7546
1525683487 22497 31994062 50797337738 640 6752
1525683488 21661 32003843 52294315337 611 6090
1525683489 21724 31991895 52751477665 663 7784
1525683490 22533 32004655 50221613687 549 7281
1525683491 21305 32001724 52376235084 574 6955
1525683492 22692 31993138 50777756008 627 6683
1525683493 22301 32003576 50917145724 578 7646
1525683494 21878 32012312 52807322240 573 6970
1525683495 21549 31993778 53745740922 504 8737
1525683496 22102 32001502 52911236236 614 7087
1525683497 22223 32001005 51276238245 638 6925
1525683498 22171 31994291 51823364729 648 6570
1525683499 22715 31997986 50047692840 551 7005
1525683500 21906 32011925 52534232553 457 7312
1525683501 23121 31995400 49637606922 597 6317
1525683502 22551 31999055 51234882621 557 6487
1525683503 21796 31998591 53292641351 550 7705
1525683504 21972 32006620 52245276034 656 7027
1525683505 22100 31992164 51956437336 640 7323
1525683506 22468 32003075 51513292477 581 7131
1525683507 22016 31997594 52765638070 630 6955
1525683508 21411 32000888 53914887892 577 9105
1525683509 17757 31991219 142580997231 457 22146
1525683510 21666 32009041 53486606729 519 8664
1525683511 21897 31994560 52969966514 597 7578
1525683512 21695 32004796 52234817464 554 6352
1525683513 22118 31995500 51598053720 551 16270
1525683514 21313 32007032 90597107922 686 36563
1525683515 21982 32008713 51778667295 667 8066
1525683516 23489 31982894 48281168908 602 7910
1525683517 22492 32000748 50756904268 556 6259
1525683518 22845 32002425 50130804495 483 6245
1525683519 23095 32002031 49553108183 581 7032
1525683520 22725 32004871 50156139981 576 5899
1525683521 22546 31994469 50334730519 611 7394
1525683522 21937 31998428 51619332022 521 6299
1525683523 21964 31998318 51933673182 638 5693
1525683524 22209 31999599 51553776701 659 7231
1525683525 22179 32003657 50997896663 530 6384
1525683526 22435 32002508 51135087670 535 7408
1525683527 21877 31993520 53325752876 558 8108
1525683528 21931 32004035 52818780081 600 7120
1525683529 22840 32006512 49896009738 622 6608
1525683530 22142 31996659 52006183993 587 7901
1525683531 22128 32003370 52048996200 649 6942
1525683532 22312 32001313 51271919541 489 7754
1525683533 22316 31999749 51837176043 565 7358
1525683534 22102 31986524 52913201764 567 8708
1525683535 21754 32006941 53532245763 586 7858
1525683536 21621 32000787 54168018155 543 6387
1525683537 22277 31995890 52304308706 563 7661
1525683538 21752 32006448 53166933970 578 8144
1525683539 19118 31991331 126871675427 696 22963
1525683540 21837 32000149 51683549071 686 6840
1525683541 21361 32007215 53398769523 687 7415
1525683542 22082 31993614 51391384702 555 6256
1525683543 22299 31995743 51804528663 648 8898
1525683544 18383 32003691 138582095989 540 25023
1525683545 23183 31998700 48605891454 620 6493
1525683546 22491 32004168 49369583378 622 5919
1525683547 22423 31999737 50664890761 625 6756
1525683548 22027 32006357 51748662059 657 6578
1525683549 20265 31993420 106898149294 686 39708
1525683550 21605 32000582 52185351220 651 7689
1525683551 22116 31997365 51788837355 483 6523
1525683552 22641 32005278 50083757670 700 8349
1525683553 21400 31997366 55031866230 682 7953
1525683554 21657 32001400 53571196678 596 9608
1525683555 21721 32000701 54247793393 578 8807
1525683556 21345 31991431 55045897269 495 8163
1525683557 21293 32004950 53295746824 597 6618
1525683558 21405 31999671 53711728129 611 6370
1525683559 21145 31998864 54715438670 546 7548
1525683560 20993 32003189 54226828153 602 9087
1525683561 21643 32001036 52215689770 698 6403
1525683562 22374 31995249 50745045751 649 6129
1525683563 21884 32004802 53504393128 630 9048
1525683564 21364 31993518 52970995716 555 7454
1525683565 21171 32004558 53978478758 639 6491
1525683566 22232 31997552 51291825380 594 7813
1525683567 21476 31998635 52820006717 729 7127
1525683568 21682 32007197 52348297913 683 7372
1525683569 20995 31998820 153354913722 684 59717
1525683570 11353 32001614 7112624634572 690 472214
1525683571 22223 31996285 51553908777 619 6690
1525683572 22219 31998700 51729082958 656 8060
1525683573 22106 32003914 51674422844 646 6733
1525683574 19587 32005761 106999968073 602 24163
1525683575 21825 31992731 52081243955 645 6367
1525683576 21434 32002865 54889457249 649 9381
1525683577 22177 31979187 50838575385 686 9009
1525683578 22229 32021704 50935030762 633 7949
1525683579 21645 31991071 82625431771 673 41583
1525683580 22664 32007926 50082407316 635 6693
1525683581 22205 32000928 51392885224 694 6629
1525683582 22943 31994219 49894597467 634 6446
1525683583 23093 32002185 49157790083 647 6730
1525683584 21892 31996902 51083054740 728 5872
1525683585 21978 32008149 52199394119 678 6126
1525683586 22506 31996549 51134588345 602 6380
1525683587 21529 31998442 53050477392 521 8226
1525683588 22246 32003177 52968522361 622 8959
1525683589 22762 31999676 50333512504 686 8479
1525683590 22500 31998299 50542091385 620 8424
1525683591 22088 31998783 51832635963 652 7714
1525683592 22468 32001749 50462299189 615 6142
1525683593 22459 31999071 50771764637 700 6748
1525683594 22916 31995283 49469475043 690 5995
1525683595 23430 31996837 48366133833 628 8394
1525683596 22344 32010613 50612262499 595 8220
1525683597 21714 31990341 52348128179 521 6094
1525683598 23989 32004399 47339922873 548 5789
1525683599 21908 32001438 51242798076 704 7444
1525683600 21263 31998818 52677510362 780 6758
1525683601 21787 32002123 51762753003 630 5948
1525683602 22088 31999469 51252778247 651 7321
1525683603 22676 31999490 50778438728 622 7255
1525683604 22419 32000478 51039525838 614 8403
1525683605 21227 31993893 68179225589 600 19068
1525683606 22570 32004156 50342056740 541 7178
1525683607 22572 32003447 50469454843 674 6393
1525683608 22198 32003811 51212282589 662 7055
1525683609 21790 31995532 52568003258 593 8392
1525683610 21659 31996359 110595125767 643 44057
1525683611 22649 32007129 50577858785 585 6722
1525683612 22823 31990778 50644929874 661 8772
1525683613 22039 32000549 51613019129 624 6509
1525683614 22368 32002940 51180106320 638 6677
1525683615 22622 31996572 50200853238 601 5960
1525683616 22526 32004535 50818205371 657 8770
1525683617 23085 32003146 49859989044 557 8073
1525683618 22137 31992078 51380446654 689 6345
1525683619 22332 32007431 51162719239 678 6377
1525683620 22841 31996715 49960234765 627 7284
1525683621 22439 32000059 50341355259 599 6622
1525683622 22406 32001898 51257638522 685 7605
1525683623 22482 32001125 50877271333 516 6245
1525683624 22206 32010594 51224911378 568 6386
1525683625 22302 31990618 50888738818 714 6500
1525683626 21752 31999094 52128015722 577 7536
1525683627 21414 31998539 53923842917 734 10205
1525683628 22092 31999860 51185748996 705 6488
1525683629 21866 32004980 51516784572 745 6650
1525683630 21395 31995153 53640468123 619 8869
1525683631 22008 32003793 50539638885 710 6205
1525683632 22010 31999284 50626076168 742 8204
1525683633 22273 31998467 50777691065 643 6870
1525683634 22516 31996796 49941927094 642 5885
1525683635 22714 31997845 50775348461 645 7201
1525683636 22419 32002556 51314182836 648 6877
1525683637 21968 32000135 51897632655 582 7599
1525683638 22113 32004156 69371572730 679 32618
1525683639 23296 31998282 49145697348 629 7321
1525683640 21794 31999025 51998183013 715 6190
1525683641 22478 32001274 50452596164 607 6295
1525683642 24024 32001093 47479592185 640 6648
1525683643 23023 31994420 49248929538 604 6938
1525683644 21364 32000026 52545945092 647 6443
1525683645 21068 31996573 74259933047 698 31865
1525683646 21560 32005093 52000114359 793 7528
1525683647 22203 31995543 51088000049 594 7584
1525683648 21276 31999611 53012077803 620 8606
1525683649 21501 32002230 52376399676 653 6362
1525683650 21453 31997421 51929163413 738 5942
1525683651 21473 32000090 52316038124 780 6215
1525683652 21695 32007428 51876174036 705 6195
1525683653 22876 31999658 49612899644 596 7125
1525683654 23178 32004291 48841905161 641 6227
1525683655 22472 31997931 50160648643 686 6587
1525683656 22806 31993498 50446461736 609 5958
1525683657 21381 31999506 52897613874 689 7752
1525683658 23548 31998392 48691986812 641 6528
1525683659 22952 32004247 50191906357 584 5881
1525683660 22637 32002672 50701753874 588 7372
1525683661 22365 31993136 51601288586 621 6282
1525683662 22765 32004860 53574765120 372 12368
1525683663 22300 32003714 51575265224 649 6869
1525683664 22329 31996155 51499281473 596 7557
1525683665 22765 32000339 50590357079 537 6757
1525683666 21961 32004479 51848030475 634 6283
1525683667 22882 31999202 50292001486 589 6542
1525683668 22500 31997575 50935642265 598 6601
1525683669 21868 32000406 52231944546 573 6925
1525683670 22878 31997763 50202951091 581 6983
1525683671 23341 31997646 49727709536 591 6460
1525683672 22001 31993015 52260596721 597 6866
1525683673 21696 32008692 52500502408 528 7079
1525683674 22217 31998206 51352131190 570 6346
1525683675 22576 32007480 51627186846 607 8221
1525683676 21952 31993587 52977908863 609 7549
1525683677 22511 32002898 51036888776 632 6244
1525683678 22274 31999071 51984123269 519 9382
1525683679 22244 32000260 52586013088 607 8750
1525683680 21463 32002042 88825084260 647 39779
1525683681 22198 31998458 52664243784 608 7480
1525683682 21309 31984474 56461908908 613 8589
1525683683 21943 32021785 54705004757 596 8214
1525683684 22374 31986994 51723985042 624 7051
1525683685 21920 32001847 53065181611 578 6805
1525683686 22046 32002155 53136369815 532 7223
1525683687 21972 32002529 52420490765 620 6049
1525683688 21962 31991274 53051137814 562 7198
1525683689 22102 32009180 52452278908 587 8107
1525683690 22087 31988067 53015224057 564 8007
1525683691 21809 32010199 52670202157 638 6725
1525683692 21989 31999515 52304595921 643 6059
1525683693 22321 31999230 52490650630 348 7402
1525683694 22390 32006626 52081439520 516 7052
1525683695 21923 31994795 53089579883 497 7413
1525683696 22904 31998221 52049349329 560 7694
1525683697 21125 31996565 55824480507 614 7316
1525683698 21214 32006556 55610407284 467 8460
1525683699 21406 32008634 55859343054 629 7662
1525683700 21040 31988244 56675340914 641 7654
1525683701 21433 31998994 55110962282 599 8630
1525683702 20917 32008134 56724203284 545 7045
1525683703 21251 31993854 57767735530 580 8973
1525683704 21213 32001528 56711724332 402 7924
1525683705 21663 31998410 55426072992 576 9055
1525683706 22009 31991176 52971689134 597 6616
1525683707 21561 32006246 54286888082 548 6252
1525683708 22094 32005537 53650641159 637 7558
1525683709 21818 31950820 53219464720 580 6846
1525683710 20225 32047401 105021857861 532 42069
1525683711 21718 31998933 53956884461 560 6273
1525683712 21355 31997817 55246665539 535 7426
1525683713 22391 32000872 51915658728 542 7834
1525683714 21675 31996809 53240167819 630 6002
1525683715 22052 32004912 52893892588 657 7690
1525683716 21797 31993680 53765881718 621 6773
1525683717 22264 32001737 51919253029 588 5999
1525683718 21464 32011359 54542702617 602 6741
1525683719 22422 31989280 52047922490 613 6613
1525683720 21705 32010928 52674413124 529 6461
1525683721 22904 31986220 50802803320 642 7556
1525683722 21866 32010945 52476271167 639 8258
1525683723 21922 31999647 51961818649 587 6969
1525683724 22485 31992080 51734263332 549 7177
1525683725 22798 31959148 51036648888 649 6768
1525683726 22216 32036482 52198053764 560 7148
1525683727 22059 32005503 52312058421 617 7180
1525683728 21781 32006839 52794155747 559 6986
1525683729 22938 31996591 50539122685 587 6903
1525683730 23136 31998334 49592368926 562 7332
1525683731 21865 32006005 52466896561 490 6762
1525683732 23356 31990694 49707331028 573 6457
1525683733 22021 32000657 52052147131 621 6909
1525683734 22151 32000816 51617890366 654 7900
1525683735 22669 32008985 50419841541 667 7031
1525683736 22547 31990526 50940557128 579 9161
1525683737 22619 32002010 50244061104 634 7350
1525683738 23013 31979494 50075902124 592 6436
1525683739 22766 32022555 50877096179 594 6694
1525683740 20977 32001925 102773952975 627 43748
1525683741 20198 31991963 55370739843 528 7193
1525683742 22288 32013812 52578086400 533 9208
1525683743 23472 32000655 49638468363 578 8543
1525683744 22302 31991921 52322505771 602 6845
1525683745 21660 32001136 97416218904 573 39785
1525683746 22164 31997424 52205825890 596 6031
1525683747 23504 31998187 49019653315 573 7739
1525683748 22778 32002457 49427756223 604 5753
1525683749 22978 31999875 49781016803 561 7355
1525683750 23380 32004618 49680999848 534 7360
1525683751 22961 31996258 50953474766 561 7516
1525683752 21864 32001130 53279518584 626 7148
1525683753 22606 31991546 51142808126 571 7666
1525683754 22276 32008929 51629046221 616 6859
1525683755 22611 31985135 51478175987 555 6618
1525683756 24247 32016691 47816811207 547 7211
1525683757 23114 32001902 50913317506 525 7282
1525683758 22059 31993782 52305549838 595 7588
1525683759 22923 31998047 50975934071 551 6787
1525683760 23248 32007595 50507157185 419 8292
1525683761 22877 31999914 50583158978 551 6429
1525683762 23145 31995535 50400610265 624 5806
1525683763 22868 31992595 50190656087 556 7576
1525683764 21664 31983836 53160201814 616 7761
1525683765 22707 32020741 50963642073 463 6893
1525683766 22436 32008451 52593633251 566 7966
1525683767 22768 31995302 51420326962 548 7355
1525683768 22445 32004202 51013852730 588 7138
1525683769 22593 31996675 50586537075 583 5853
1525683770 21991 31995058 52476824164 677 8474
1525683771 22065 31996957 51559062957 603 7980
1525683772 22263 32006789 51509672029 600 6441
1525683773 21895 32002136 52787844398 551 6433
1525683774 22227 31998139 51667595805 555 6931
1525683775 22379 31997284 96011108932 472 41629
1525683776 23731 32000686 48798218304 597 7246
1525683777 23437 31997501 49258046731 567 7178
1525683778 22637 32007383 50350306085 592 6535
1525683779 22454 31990195 51643035437 539 6580
1525683780 22545 31998243 50946335161 638 7676
1525683781 23012 32012104 50048826240 538 5979
1525683782 22541 31994229 50752742245 619 8279
1525683783 23995 32003155 47745649811 618 6147
1525683784 22290 31999066 50802311524 690 6715
1525683785 22302 31996653 50444183149 577 6562
1525683786 23050 31994501 49779232741 603 6650
1525683787 23763 32010211 48178961155 583 5948
1525683788 21639 31991983 52692442507 665 7567
1525683789 23450 32006368 48527043150 637 6878
1525683790 25132 31999428 44933834218 621 6393
1525683791 21520 31996310 52301777902 713 6908
1525683792 22106 32002053 50518141389 655 5699
1525683793 21069 32004543 53072519735 770 8373
1525683794 25055 31999074 45612019784 580 5668
1525683795 24751 31991596 45878985164 612 6433
1525683796 21733 32003921 51478818611 656 5877
1525683797 21179 31994556 52216290386 737 6584
1525683798 22164 32005647 50473472723 632 6308
1525683799 22692 31996972 49643078392 665 7944
1525683800 22806 32007497 49385327813 592 5682
1525683801 21942 32000814 51949434158 556 6089
1525683802 22325 32002216 50206023284 616 6110
1525683803 21877 31990085 51030913219 756 6505
1525683804 21160 32006226 52603438176 693 6651
1525683805 22152 32001817 50902462257 662 7700
1525683806 24227 31996186 46009483614 596 5579
1525683807 22588 32002153 49894503723 618 6587
1525683808 25234 32003450 45145779246 563 6229
1525683809 22235 31993708 50559734840 545 9666
1525683810 22762 32002732 78390357878 588 33603
1525683811 21971 31990878 51686731030 521 6767
1525683812 23631 32015260 48656980204 598 6081
1525683813 22983 31992842 48796744474 587 6859
1525683814 24365 32003113 47551986485 526 6498
1525683815 23458 32001239 49010385503 504 6856
1525683816 22267 31993911 51419191925 638 9228
1525683817 23080 32002907 49886303641 535 6182
1525683818 22676 32003131 50089818555 595 8159
1525683819 23347 31995337 49390911985 510 7007
1525683820 22000 31999245 51757852795 619 7431
1525683821 21933 31995437 51281990927 530 6323
1525683822 22728 32006697 50519376435 440 7601
1525683823 22197 31996175 51866242287 552 7359
1525683824 22773 32014680 50494404186 615 7763
1525683825 22256 31986978 51764541240 544 6366
1525683826 21478 32000391 55120924333 416 7701
1525683827 21269 31999829 55699841079 591 6843
1525683828 21650 32004036 55299694760 508 8219
1525683829 21519 31995120 54175088088 533 8758
1525683830 21137 31999853 55839048639 539 7992
1525683831 20921 32000047 57479617417 498 7058
1525683832 21670 32001204 55191350134 530 9509
1525683833 20683 31966387 57703269291 536 7590
1525683834 21361 32038043 56861647929 550 7411
1525683835 20622 31934921 60979692981 583 8964
1525683836 20456 32056826 61608808910 642 9970
1525683837 21124 32002057 56320035371 575 8002
1525683838 22288 32000173 51525856345 582 8693
1525683839 20792 31999195 57722878461 567 9060
1525683840 21325 31996928 54920100898 649 7759
1525683841 21165 32004541 56007050261 599 8689
1525683842 22237 31998947 51757664237 533 7885
1525683843 21296 31993270 56455325056 570 8028
1525683844 21226 32005012 57332615148 430 8117
1525683845 19280 32000639 213632281171 508 73140
1525683846 20956 32003564 57636053354 657 7362
1525683847 22756 32003133 51225735503 595 7041
1525683848 21581 31981174 55811277786 593 6844
1525683849 20924 32016594 57109145930 567 7449
1525683850 20729 31996246 57806320896 694 7750
1525683851 21774 32002797 52882009179 554 7611
1525683852 21580 32007274 56096267854 582 9036
1525683853 21202 31992622 56643913000 452 7633
1525683854 21132 31979469 55916418137 565 7285
1525683855 21670 32024373 55447118485 573 7077
1525683856 23516 32010130 47838999212 596 5896
1525683857 21007 31972871 56031046301 645 8525
1525683858 23982 32011352 47553194728 617 7190
1525683859 21644 32002511 51155514531 672 7968
1525683860 20833 32000047 57042036943 626 7840
1525683861 21494 31992994 56897433628 448 7745
1525683862 21498 32003399 56246092139 554 8613
1525683863 22029 31997521 52955044963 634 7069
1525683864 21700 32002930 53886527730 559 7183
1525683865 21042 32008899 57224914897 556 8790
1525683866 23836 31991899 48404171617 563 6643
1525683867 22768 32005157 89988993717 469 38390
1525683868 20818 31955643 167189942679 591 52205
1525683869 19151 32042745 158958142941 463 44086
1525683870 19934 31998782 155019007020 551 50366
1525683871 18366 31999137 188801395697 533 46981
1525683872 19828 32005682 154902552544 572 46337
1525683873 18438 30940117 129130499141 468 47890
1525683874 19195 33056272 209771761028 533 53851
1525683875 18522 31994130 162868062886 544 42650
1525683876 19932 32004245 151985322129 599 46222
1525683877 18864 31999127 171875908369 537 45045
1525683878 19157 31997387 151487372783 551 43330
1525683879 21397 32010629 119784175479 545 36382
1525683880 19424 31985739 276693770659 572 81006
1525683881 18831 32007776 157951956936 566 43492
1525683882 18429 32006053 195678036697 597 51591
1525683883 18855 31920127 167049461483 557 43789
1525683884 19216 32068627 178834467461 563 50288
1525683885 18914 32005045 191134716665 571 53383
1525683886 19498 31720855 123501251433 594 48321
1525683887 18548 32207908 189880407826 519 47582
1525683888 19091 32069686 174548514594 598 45388
1525683889 19736 32000488 145683261646 530 43816
1525683890 18924 31988530 176592913526 419 48542
1525683891 18480 32018114 202987340702 503 53990
1525683892 19514 31989976 194944894226 482 53030
1525683893 19737 31947806 142650373258 585 40787
1525683894 19476 32049520 161583483388 499 44489
1525683895 18849 32001870 191180017560 511 49178
1525683896 20064 31501782 100667208858 550 39458
1525683897 20568 32503882 159531855240 512 45865
1525683898 19945 32000891 174668875553 543 48291
1525683899 20491 31996605 144568618875 587 42270
1525683900 19731 31995952 142923325672 540 43167
1525683901 18885 32008305 208561500845 617 50801
1525683902 19041 31994393 143430375587 620 42214
1525683903 18332 32002085 171285161471 593 45159
1525683904 20365 32005943 131023144841 580 41656
1525683905 22325 32000519 91238596301 622 31850
1525683906 20422 31995754 160789283934 597 51553
1525683907 19118 32004364 155370011200 541 41234
1525683908 18795 32001632 133750074802 541 39000
1525683909 18836 31989520 177336128726 647 51327
1525683910 19163 31997635 117467996825 571 44184
1525683911 19503 32002740 184406314060 588 49005
1525683912 19182 31962492 199740905892 579 59009
1525683913 19219 32046241 200441776141 406 50430
1525683914 19254 31996074 194295512096 570 49633
1525683915 17987 32002607 231341716499 514 56023
1525683916 18160 31994006 183181925464 565 51969
1525683917 20531 31999209 116092735593 608 33207
1525683918 19489 32001628 201192243924 523 53746
1525683919 18900 31975631 178601486251 598 46378
1525683920 18311 32024769 178616295575 469 47129
1525683921 19062 32000317 128609254055 412 48939
1525683922 19490 32004814 154046399348 606 41806
1525683923 18715 31998188 170459941708 462 45584
1525683924 18975 32003635 197230971503 580 56875
1525683925 18236 31995742 193365201954 516 53565
1525683926 19562 32001713 160755218591 575 45696
1525683927 20599 31994215 118980254897 393 45028
1525683928 19188 31998204 161842056190 612 44924
1525683929 19120 32007896 211103924810 509 55326
1525683930 19556 31991817 209354102113 430 51613
1525683931 19790 31997848 123932464638 545 39841
1525683932 19836 32013041 142759869921 501 40494
1525683933 19721 31996477 190088848675 535 49285
1525683934 22259 31985682 103337735652 569 33041
1525683935 20819 32013414 133863944996 613 42039
1525683936 19324 32003452 195789881494 542 64255
1525683937 21034 32000182 134504254430 571 40329
1525683938 20897 32001115 165108272369 488 46455
1525683939 20350 31991287 137342176197 605 55460
1525683940 21004 31999852 116783976724 523 34832
1525683941 21893 32001307 112943699735 604 34354
1525683942 20948 31992130 107450474686 603 34772
1525683943 22584 32008549 133913645855 450 41026
1525683944 21973 31996380 109073005056 558 35387
1525683945 20552 32000696 107044966514 642 35263
1525683946 20946 32001763 105903339727 597 31935
1525683947 21333 31998133 132174175941 627 41586
1525683948 21679 32002216 112682368442 604 33827
1525683949 22309 31838987 91921774671 604 29623
1525683950 22330 32161525 149878341503 553 34025
1525683951 22085 32002647 125211483669 613 36709
1525683952 21752 31998777 117658364391 562 39820
1525683953 21229 31999786 120692498010 490 38331
1525683954 21136 31987440 106093104730 671 31808
1525683955 20722 32017424 119447700758 626 36876
1525683956 21666 31990643 126060116325 542 40326
1525683957 21958 32005306 84544484222 372 34674
1525683958 20984 31998882 140636944470 473 39163
1525683959 19990 31996876 127667096306 571 39309
