1525762550 1 162917 26541948889 162917 162917
1525762551 125 46948218 18277344977794 317634 715342
1525762552 571 93107800 35885999893014 57635 1010154
1525762553 9021 65334232 6396009549088 1517 264227
1525762554 21134 63998101 207089699435 1634 11812
1525762555 21847 63980212 199560729158 1165 11612
1525762556 21417 64015557 200389074089 1943 8584
1525762557 21946 64005482 197805168582 1784 11579
1525762558 7381 61913127 3936019512389 1909 180963
1525762559 8231 66077043 4441058852835 2051 170178
1525762560 21275 64011008 205271899722 1860 11653
1525762561 21172 63990429 203853377651 2035 11892
1525762562 20276 64005144 213070538788 1870 11072
1525762563 21312 63999265 200613696255 1975 7652
1525762564 8852 56007952 3825624910550 1853 282805
1525762565 371 66885724 12473847139204 150789 556072
1525762566 261 56986056 13046968124980 179466 481760
1525762567 505 70961478 15866997907126 70700 605828
1525762568 370 64200872 11641634312548 120954 466532
1525762569 199 59514970 22477767896794 185496 792524
1525762570 15389 73462940 5502881007690 1788 408327
1525762571 20968 63983018 207068113868 2020 12845
1525762572 20989 63984596 204763770130 1942 8619
1525762573 21047 64017884 211353778536 1874 12293
1525762574 20008 60617611 231248376057 1630 50656
1525762575 383 61483023 16319304534597 58747 471214
1525762576 214 63244960 23720694968496 107098 620818
1525762577 295 66313230 14973306327130 214516 443645
1525762578 277 60915038 13561918655250 205077 440814
1525762579 15576 71438315 5378825941235 1965 432320
1525762580 21250 63977643 205444885109 1761 13123
1525762581 21452 64015153 208085701229 1908 12279
1525762582 20730 64007078 214197321654 1533 12036
1525762583 18302 64001715 658529693135 1327 119373
1525762584 21301 63976883 204437863781 1971 12885
1525762585 20878 63999528 214475651484 1178 12899
1525762586 18222 64015234 267139425866 467 16667
1525762587 17698 64004482 284104098696 523 23208
1525762588 17808 63996259 269692389043 770 13141
1525762589 16111 63985509 336410010247 569 19919
1525762590 18239 63969693 264445799675 831 13860
1525762591 17605 64027941 287351922099 810 16993
1525762592 13649 63895220 411977087112 791 20256
1525762593 6462 63879303 840025181967 1236 57951
1525762594 3560 64131080 1197409948712 2398 59102
1525762595 3098 63187737 1339276637221 3837 48711
1525762596 2729 63587255 1543032497325 6736 45301
1525762597 6194 64914577 958263207509 613 71881
1525762598 3695 63850173 1171936387901 1733 41970
1525762599 19188 64560627 352248865225 1217 33709
1525762600 20088 63995175 216000832089 1997 12152
1525762601 21281 64001220 208344104622 1288 12940
1525762602 21018 64021736 215995505376 1863 12647
1525762603 21552 63971771 201975179309 1174 12336
1525762604 21233 63996681 205949825469 1279 14434
1525762605 20666 63995993 218927303963 1377 13494
1525762606 21153 64020752 211505583580 1717 12780
1525762607 21268 63994278 207067110750 1526 13332
1525762608 20992 64018155 211089913305 1618 12040
1525762609 20821 63986309 211869095681 1620 12594
1525762610 21365 64009114 204824048900 1929 13238
1525762611 20927 63984385 208596502639 1989 11583
1525762612 21469 64015727 198860373313 2039 7797
1525762613 21493 63999846 203621951088 1963 12498
1525762614 20897 63974667 211076138727 1077 11906
1525762615 20460 64023548 212068296464 1889 11398
1525762616 21197 63987153 205908451499 1723 12651
1525762617 21405 63998077 206976240877 1900 13239
1525762618 19126 64016326 630671065910 1547 110077
1525762619 21180 63785734 208288784876 1256 12326
1525762620 21025 64200362 215074175706 1753 12152
1525762621 21300 64005007 210103952607 1864 11449
1525762622 20401 63989364 218495556990 1892 12551
1525762623 20780 63924143 210475186563 1852 11289
1525762624 20890 64097945 214087885715 1955 11756
1525762625 21141 63978938 211110232238 1685 12781
1525762626 21316 64017366 202245136286 1958 8331
1525762627 21234 63993183 208801267581 1915 12800
1525762628 20543 63989254 211006706672 2036 11430
1525762629 21261 64012975 205580246483 1990 13228
1525762630 20962 64008064 209940400290 1856 12317
1525762631 21278 64004383 202329968653 1860 9221
1525762632 21031 63996891 206941789599 2023 11729
1525762633 21274 63988335 208362507179 1449 11540
1525762634 21321 64008237 204390172123 1949 11281
1525762635 21251 63985050 201836647726 2019 8399
1525762636 20858 64013967 208057523919 1974 11596
1525762637 21294 63998446 209245649012 1661 12065
1525762638 20857 64000624 216288751720 1783 11964
1525762639 21468 64009919 203181570065 1891 11464
1525762640 21810 63986956 200299232982 1793 11590
1525762641 21637 63990193 202070502269 968 11450
1525762642 21791 64013047 200093192605 1698 8461
1525762643 20988 63979002 213834330396 1867 11584
1525762644 21112 64017803 213285532447 1769 14116
1525762645 20939 63998396 211677622470 1898 12916
1525762646 20641 64000808 213147304114 1887 11978
1525762647 21049 64003804 210998496746 1853 12299
1525762648 21489 63984462 201089397186 2013 11135
1525762649 21382 64000434 209325484896 1436 12072
1525762650 21145 64006529 207303568851 1780 11467
1525762651 20668 64000099 212168206207 1946 11857
1525762652 21320 64001261 205579516373 1882 12365
1525762653 19642 59979707 227849167751 1833 57228
1525762654 20394 68019446 796172829336 916 131416
1525762655 21402 64017066 202712491256 1886 9059
1525762656 21153 63953177 208458246387 1803 12830
1525762657 21491 64038379 204799334157 1863 11581
1525762658 21030 64006088 209263407368 1821 13449
1525762659 21341 63993209 207563448575 1922 12259
1525762660 21582 64005303 202923912623 1618 11352
1525762661 21159 63984661 206240489897 1808 12300
1525762662 21413 64011986 202442766812 1834 8383
1525762663 21075 63996664 209657759528 1788 13431
1525762664 21321 64013230 207616829014 1430 11633
1525762665 21460 63968918 205212425928 1742 14186
1525762666 21321 64017648 208772362674 1898 12425
1525762667 21587 63987310 202826221344 1762 13337
1525762668 21521 63998952 203324253088 1860 11938
1525762669 21175 64009470 211291047032 1931 12502
1525762670 21092 63994089 209253805011 1948 12755
1525762671 21554 64014753 202868165117 1747 11439
1525762672 21218 63995046 206695998850 1822 12034
1525762673 21417 64002346 202544375102 1739 11585
1525762674 21359 63980142 202115178824 2067 11620
1525762675 20472 63994254 211500167908 1876 11206
1525762676 20549 64038329 212126418127 1984 12663
1525762677 21251 63992412 210017797990 1632 12440
1525762678 21270 63992525 208288221877 1906 11645
1525762679 21750 63980881 203740754815 1856 11582
1525762680 20834 63991281 212657259167 1468 13263
1525762681 20967 64022362 211892679572 1842 12210
1525762682 22001 64001664 196356353480 1836 8243
1525762683 21808 64025327 203561115515 1781 11289
1525762684 21382 63964626 203243261128 593 8226
1525762685 21017 64001596 212768617020 1638 12185
1525762686 21437 64014613 202889127931 1834 12883
1525762687 21648 63994526 203884592412 1307 12079
1525762688 21608 63153075 196112572541 1944 10114
1525762689 19109 64846690 810723032856 1154 129401
1525762690 21779 64006578 201779505602 1836 10879
1525762691 21265 63981073 205062461027 964 12117
1525762692 21062 64005626 213852319690 1839 12039
1525762693 21086 64009738 204612809422 2001 8129
1525762694 21166 63995884 203820429000 2004 8175
1525762695 21085 63996964 206859327152 1945 11518
1525762696 21493 63998540 208569397704 1808 12207
1525762697 21217 64006816 206212287098 1946 11431
1525762698 21457 63992678 205487337528 1879 12239
1525762699 21689 64009071 201523657777 1909 12113
1525762700 21450 63981342 202007460332 1942 8146
1525762701 21937 64011000 200187138012 1806 10837
1525762702 21750 63995363 201705179609 1650 11884
1525762703 20850 64009009 209509354631 1927 10397
1525762704 21244 63986104 210886004538 1473 12721
1525762705 20143 64003467 216923154985 1955 11838
1525762706 20726 64020751 213690226435 1914 12705
1525762707 21931 63987192 199017032522 1856 11355
1525762708 22181 63996072 196101729220 1610 8169
1525762709 21954 63994483 200374268447 1746 12141
1525762710 21225 64007530 209368537444 1882 13591
1525762711 21618 64011308 203339541560 1893 11157
1525762712 21671 64000397 200765059579 1807 8525
1525762713 21304 64012704 211059496094 1640 15171
1525762714 21908 63969852 201161648572 1558 11823
1525762715 21270 63947530 210303408016 1042 11764
1525762716 21412 63990151 213921789025 926 13786
1525762717 21254 64010019 212070098589 1779 12471
1525762718 21143 64019671 207233432415 1884 12284
1525762719 21886 63978158 198504665958 1818 8763
1525762720 21510 63992513 208207501749 1759 12047
1525762721 21168 64020193 206687057619 1910 12257
1525762722 21279 63986396 203021322074 1881 8000
1525762723 21400 64004095 203189438069 1926 11349
1525762724 18224 63984556 760637248586 1873 82330
1525762725 21478 64007813 205412942559 1429 12222
1525762726 21185 64011377 208260072915 1713 13270
1525762727 21018 63994961 213122409887 1178 11584
1525762728 21690 63997190 204201062008 1751 12711
1525762729 21966 64000436 199820486322 1754 8375
1525762730 21383 63982727 205041869843 928 10063
1525762731 21726 64044249 201258055675 1373 8964
1525762732 21464 63963361 202809600313 1208 9078
1525762733 21339 64003397 211074247219 1751 13247
1525762734 21158 63984634 211758972018 1723 13151
1525762735 21410 64034047 204455576035 1006 10447
1525762736 22015 64000959 196359880259 1807 8277
1525762737 21682 63995228 205704485510 1881 12952
1525762738 21253 63991141 207218146883 973 11327
1525762739 21738 64008593 203086541511 1652 11178
1525762740 21653 63989673 204380236085 1426 11049
1525762741 21594 63956567 208633378413 861 13102
1525762742 21221 64041153 207383982151 1807 12790
1525762743 21713 64014162 203924896812 1334 11424
1525762744 21114 63987300 208193980354 1563 12870
1525762745 21653 63999537 207900821041 793 12515
1525762746 21204 64006146 204975634660 1885 8345
1525762747 20625 63987922 212018876496 1890 13583
1525762748 21691 64014765 206212104603 1231 14604
1525762749 21498 63982978 205843364562 1263 12327
1525762750 21848 64026594 202791477096 1352 12313
1525762751 21388 63979579 206210068517 1778 11730
1525762752 21420 64003647 211121656469 1816 13458
1525762753 21593 64012557 205783256451 1809 11662
1525762754 21295 63997958 209364051206 1700 12519
1525762755 21576 63990459 201708238533 1143 11035
1525762756 21721 64009213 198934617507 1897 8332
1525762757 22098 64005211 196202880639 1836 10079
1525762758 21925 63998969 197572761313 1928 8113
1525762759 19531 63987294 599545990802 1342 107765
1525762760 21408 64002271 207042800027 1833 12632
1525762761 21677 64002833 199586880449 1902 8052
1525762762 20798 63982673 214533399697 1524 12609
1525762763 21366 64003256 201640130374 2031 7829
1525762764 20907 64006646 210823096856 1916 12105
1525762765 20927 64001543 206350958575 2110 8447
1525762766 21497 64004180 203247369084 1906 10997
1525762767 21145 64003725 204326144005 1908 9672
1525762768 21114 63996651 209153780055 1779 11084
1525762769 21456 64002825 205204615543 1685 12929
1525762770 21516 63992620 207433443624 1828 12936
1525762771 21375 63986005 201370998743 1922 9016
1525762772 21143 64007822 205486300028 1925 11092
1525762773 21793 64010810 203071775786 1607 13655
1525762774 22409 63999638 196569768652 1822 12179
1525762775 22135 64008573 198549028787 1799 11486
1525762776 22000 63988368 197315863920 1893 8569
1525762777 21118 63999404 209744760736 1887 12145
1525762778 20418 63992157 211128327277 1911 8428
1525762779 21188 64011493 205537094321 1907 11295
1525762780 21577 64001970 200100997034 1347 10045
1525762781 21660 63998423 206361891795 1803 11973
1525762782 22259 63987421 195678661357 1752 8398
1525762783 21725 63999441 202318836737 1818 12032
1525762784 21149 63999913 211147393085 1855 13619
1525762785 20846 63999165 212332865969 1742 12790
1525762786 20684 64003516 209064578390 1844 9923
1525762787 21786 64012763 202310241791 1907 11863
1525762788 21356 64002771 204472900059 1880 11373
1525762789 21850 64011285 200913612467 860 12536
1525762790 22043 63985523 197344906881 1701 11312
1525762791 21111 63998815 203375684945 2099 9575
1525762792 21264 63991597 201763736845 2041 8235
1525762793 21376 64010370 201055381042 1552 8425
1525762794 19533 63990999 511572778515 1560 89429
1525762795 20603 63973484 207407691724 2047 8431
1525762796 20188 64021215 212498874297 2224 8598
1525762797 20259 64010537 211674157375 2140 9105
1525762798 20608 64006154 209609257934 2033 8936
1525762799 21470 64005127 202050661229 1924 10717
1525762800 21547 63990827 201180003801 1831 8713
1525762801 20933 64000820 206155558316 1935 8170
1525762802 21086 63984333 205087074813 1995 9907
1525762803 21490 64009265 200705496695 1937 8054
1525762804 21049 64000907 205487917979 1932 9242
1525762805 21127 64000959 205648844359 1900 12121
1525762806 21520 64016604 201475496622 1906 9484
1525762807 21030 63994024 205763665268 2051 8562
1525762808 21182 63994148 204090377644 1122 10192
1525762809 21470 64001624 201602125030 1867 8631
1525762810 21132 63978953 203939242249 2017 8747
1525762811 21289 64012468 202858434182 1849 8683
1525762812 21733 64009714 198124377366 2034 8427
1525762813 21584 63991854 199897252946 1942 8466
1525762814 21148 63994872 204713596662 2015 8270
1525762815 22140 64005267 196486909321 1864 9421
1525762816 21445 63998947 201217958301 1944 8313
1525762817 21298 64017946 204406030800 2015 11653
1525762818 21759 63986962 200220948624 1480 10913
1525762819 21549 64002417 205227516275 1798 12064
1525762820 21557 63996250 199865989844 1971 8311
1525762821 21416 63997322 201954181154 1996 8392
1525762822 21823 64008357 198565441495 1436 8450
1525762823 21458 63993345 204154981701 1949 11612
1525762824 21379 63998913 206513228469 1397 12382
1525762825 21363 63997104 203630944298 2014 11662
1525762826 21510 64009588 199815928678 1786 8591
1525762827 21514 63998871 201788859897 2004 11924
1525762828 21331 64011129 203195539401 2070 12715
1525762829 19277 63978067 725808476137 1979 114925
1525762830 22047 64012462 198145575860 1914 12947
1525762831 22037 64001128 195295496618 2013 8456
1525762832 21492 63972794 200302401912 1975 7957
1525762833 21393 64015761 205915313301 1955 11549
1525762834 21528 64011059 201994038937 1397 11876
1525762835 21638 63998794 203781836558 1900 11617
1525762836 22347 64004061 193048137331 1972 8343
1525762837 21183 63986472 205529246378 1910 11099
1525762838 21309 64011509 202164751119 2045 8669
1525762839 21596 63988161 200938600013 1937 11936
1525762840 21607 64003000 198889729348 2026 8253
1525762841 21812 64006395 197212822899 1708 8255
1525762842 21732 64007928 197220403066 2010 8397
1525762843 21077 63976685 208681476133 1247 13449
1525762844 21575 64008647 201886249077 1801 11628
1525762845 21539 64009852 202384191462 2031 12531
1525762846 21367 63974225 203790908395 1987 10731
1525762847 21699 64031034 199566901960 1932 9329
1525762848 9538 28484169 92070605049 397 10623
1525762849 7340 99501670 76733660467838 437 1233016
1525762850 21482 63998085 206086711855 1870 12819
1525762851 21667 64006179 202113092719 1626 12247
1525762852 21637 63990355 207410854905 1562 11705
1525762853 21227 64007196 207654100914 1001 12162
1525762854 21449 63997061 202493067629 2009 11102
1525762855 21789 64001951 197733131905 1971 8253
1525762856 21492 63997272 200446060474 2047 8414
1525762857 21185 64007383 204939628945 1978 10464
1525762858 21364 64001383 202971583061 1339 9929
1525762859 21417 63987795 202707191867 1961 10160
1525762860 20898 64009890 207431699504 1923 8535
1525762861 22152 63994440 196276346026 1864 8004
1525762862 21951 64000185 197783611671 1205 9441
1525762863 21805 63995111 198954330055 1880 9102
1525762864 18823 64019358 527579967422 1706 61422
1525762865 21542 63999046 201142671048 849 10264
1525762866 22404 63992444 194522831892 1799 9846
1525762867 22438 63994212 193664851962 1734 9354
1525762868 22674 64012880 192738274928 1676 8299
1525762869 22502 63982060 193141327026 1139 10056
1525762870 22003 64011791 197592002033 1866 8688
1525762871 22403 64000077 193140655835 1805 8455
1525762872 21861 64007400 197134804854 1687 9068
1525762873 21816 63997401 198071843801 1721 8382
1525762874 21445 64000047 201077045309 2013 8977
1525762875 21503 63992864 201192385306 1998 8705
1525762876 20834 64001442 208105341208 1008 10058
1525762877 21188 63988137 203745056985 2029 8995
1525762878 21401 64008571 202152937617 2043 9037
1525762879 12085 63364877 511598152513 1796 23210
1525762880 17427 64635457 345803604343 538 26118
1525762881 21343 64002929 202018640165 1919 8873
1525762882 20289 63977194 212617153636 1319 8951
1525762883 20084 64027339 214023171379 1443 8954
1525762884 20592 63972113 208612434081 1975 8519
1525762885 14663 64026302 994382984450 606 51130
1525762886 12034 62997142 1253979537870 937 46844
1525762887 11635 62610045 1255951187311 580 45517
1525762888 7765 66256100 1945849126096 1101 70875
1525762889 4665 63617241 1975522216471 866 101678
1525762890 3251 64170564 2266792510842 11397 103626
1525762891 5445 64117282 1879174616240 522 92241
1525762892 5179 60893619 1533838766477 1339 73707
1525762893 5331 67280569 2005979755041 1013 91655
1525762894 5873 63969168 1746532303328 1061 73997
1525762895 5138 63933237 2227943964853 727 129907
1525762896 5400 63379513 1802619454037 1039 75286
1525762897 5697 63640603 1670212581099 1121 74231
1525762898 5253 65080843 2186591348669 835 93187
1525762899 5702 63898951 2024326792019 870 86496
1525762900 5676 62570533 1762319019037 980 89392
1525762901 4870 62171019 1832779392621 1476 73663
1525762902 4016 67085248 2291941910668 2448 93294
1525762903 5195 64046005 1653498789393 757 72276
1525762904 5780 63573871 1637715337943 748 67851
1525762905 5580 64514120 1876800794066 1373 76499
1525762906 5510 63638968 1833612040044 888 71538
1525762907 5328 61648921 1561732676127 801 73569
1525762908 5796 66895998 1978794720230 1091 82459
1525762909 4741 63482502 1828212284240 1036 76624
1525762910 5229 63113512 1507587052100 1444 86799
1525762911 4694 64818316 1891392871408 1602 79515
1525762912 4349 64270498 1980555239108 878 96910
1525762913 5806 63588184 1492342360442 1357 65923
1525762914 5727 64790997 1651999779241 586 75379
1525762915 4974 63759155 1574075574493 2042 72825
1525762916 4875 64197290 1904518393306 965 91711
1525762917 5366 63420076 1685796931906 1111 82768
1525762918 5003 63796027 2039320150413 1389 77675
1525762919 5650 64514322 1790748543884 848 77992
1525762920 5200 63680991 2009601039443 972 77892
1525762921 4503 64452710 1699209114666 1922 88334
1525762922 5440 62621057 1538210875425 882 71848
1525762923 5925 64947157 2067356798591 926 86036
1525762924 5993 62891728 1610764277224 932 66855
1525762925 5748 65637874 1634568790734 876 72667
1525762926 5557 63638761 1981280594923 653 82207
1525762927 5035 64446646 1921361275280 793 78404
1525762928 6015 63758667 1841996490559 1019 75837
1525762929 5876 64088414 2020197731068 423 86686
1525762930 5934 64003907 1721648540011 1505 81077
1525762931 6730 63748780 1826350242244 795 72623
1525762932 6965 64183782 1583097523650 824 82358
1525762933 5534 64052100 1973208106148 878 74576
1525762934 5133 63855370 1889283363618 555 76537
1525762935 6939 63906658 1793291769228 823 73246
1525762936 8406 61844600 1439874648138 1276 60089
1525762937 8253 66517719 1661100543655 595 66821
1525762938 6976 64019557 1870495602739 523 88578
1525762939 6974 61572883 1370205699697 812 74573
1525762940 6521 66361323 1753767722153 939 70402
1525762941 3010 63580496 4066833894758 1126 226275
1525762942 4626 60926609 2162520536581 780 123369
1525762943 7064 65760726 2267014826092 561 79949
1525762944 6334 65551850 2489142679346 1030 86310
1525762945 5145 63952309 2595121274759 753 99224
1525762946 4674 61351893 2309694633553 1039 94147
1525762947 4066 66383457 3024291871609 1243 114525
1525762948 1593 63915259 3567475365111 20799 139208
1525762949 1414 63771177 4153323362271 24258 166383
1525762950 1016 58544269 4715888466139 22427 169689
1525762951 767 68152729 9151976779671 50343 363892
1525762952 3263 58897389 3385522150657 1605 159865
1525762953 3037 69518222 3593018054704 1329 139833
1525762954 4017 64654540 2544203834320 833 112807
1525762955 5143 63993042 2317201523618 1580 91439
1525762956 5996 65000802 2260959401798 795 104508
1525762957 5736 64092823 2214295069399 1268 95163
1525762958 5538 63649659 2568437459059 670 96553
1525762959 8652 64191066 1794790794364 557 88188
1525762960 8612 64036169 2257874042889 670 102325
1525762961 4966 63700542 1768600229842 1659 100517
1525762962 4543 59119434 1927380748680 922 94365
1525762963 5652 68980867 3185664245589 813 112002
1525762964 7040 62786774 2506340100994 646 113584
1525762965 8024 65515923 2011944638373 882 91049
1525762966 8874 62067938 1433640588426 984 64947
1525762967 12437 65928445 1346585472059 763 76546
1525762968 14544 63987548 920417204568 1669 43393
1525762969 14367 62527468 878297043714 928 42416
1525762970 14904 65472532 936809078334 1404 40392
1525762971 14341 63994785 926295621285 956 44955
1525762972 14511 64013643 896467760537 766 43922
1525762973 15044 62611081 750924678405 1969 42344
1525762974 15039 65387507 848324359833 1948 36764
1525762975 15266 64016075 780046546769 839 38760
1525762976 14923 64006919 796374435489 1806 37173
1525762977 15418 63983625 761625329045 1034 35633
1525762978 15552 64001728 712563965328 1714 34750
1525762979 15441 63204413 663538989991 2001 36554
1525762980 15852 64798040 716723003646 997 34896
1525762981 15289 63984223 713415876337 887 34856
1525762982 15897 63298045 635137585207 1973 37010
1525762983 15506 64701439 739768750559 711 32961
1525762984 15457 62761648 660972248416 1952 35239
1525762985 15645 65248617 730431497031 694 35226
1525762986 15194 62274006 677455900546 2013 35299
1525762987 15897 65727650 698894411334 946 32911
1525762988 15224 63989596 722691566500 1642 35531
1525762989 16013 63998278 654587714620 931 33959
1525762990 15808 64020487 669268622099 1146 33225
1525762991 15879 63462475 641698999467 1913 33463
1525762992 15503 64521200 754695159844 843 40104
1525762993 15908 64008681 700780402107 1725 34518
1525762994 15349 63987909 744115608673 1216 39006
1525762995 15358 63484408 809157191570 1117 57454
1525762996 15705 64528634 712666038284 1332 35344
1525762997 15803 64020752 691406156322 1538 38069
1525762998 15777 63708561 658971100609 588 35940
1525762999 15589 64273673 703346186033 568 33225
1525763000 15676 64002739 674119170401 1487 37292
1525763001 15581 63973057 674956266325 1626 34013
1525763002 15636 64010947 708627483935 1051 36297
1525763003 15631 64015769 690251435767 1995 34801
1525763004 15766 63982267 710573886213 2013 35755
1525763005 15683 64003892 724217323746 1604 36483
1525763006 15484 64012563 670879367509 1963 33567
1525763007 15721 63981516 726489224798 1908 38810
1525763008 15793 64002472 691839412850 1340 36293
1525763009 15606 63996925 733666675249 665 37347
1525763010 15362 63993431 771694416051 1482 37498
1525763011 15020 63996894 810888529268 1686 40185
1525763012 15807 63331851 680483720617 1100 37156
1525763013 15393 64685179 768039238525 1931 39005
1525763014 15517 64008028 756024400754 1967 37163
1525763015 15453 63965112 759892900842 1439 36660
1525763016 15849 63433452 671787091578 467 36021
1525763017 15484 64608227 732949786703 819 38099
1525763018 15069 62416792 701158482448 1236 36752
1525763019 16061 65233134 743354028836 1297 38527
1525763020 15505 64314261 761063796197 971 36221
1525763021 15388 64083220 774230626804 955 42140
1525763022 16006 63943147 676309313959 1849 38740
1525763023 15164 63999158 764995146110 1051 37934
1525763024 15781 62024959 657060621443 1744 36438
1525763025 15976 65976103 757177899765 1868 39823
1525763026 15026 63000918 744587542094 1668 37252
1525763027 15621 64992635 778477818247 1901 39225
1525763028 15909 64013275 711821594799 1488 35986
1525763029 16275 63510265 641024407477 1609 36329
1525763030 15001 63637255 920985926755 929 70940
1525763031 15263 64844260 829437887612 1999 38473
1525763032 15692 63995746 723844760320 1903 37747
1525763033 15659 64017553 743331651251 1965 40350
1525763034 15955 63988441 698627927359 1732 38559
1525763035 15115 63980944 773204502138 1736 40270
1525763036 15531 63243637 686280666773 1824 34891
1525763037 15862 64759013 702499681941 922 39480
1525763038 16333 64016918 664279306484 1925 37273
1525763039 15708 63988143 695271366861 1377 35211
1525763040 16450 64006808 602179815372 698 33116
1525763041 15493 63994274 741890778812 861 37709
1525763042 16312 64010385 650300787927 1683 35092
1525763043 16043 62766644 619784558524 2070 34587
1525763044 15914 65224341 721485146587 1463 37503
1525763045 16130 64001182 684290316212 1588 42020
1525763046 15879 63995414 677961943462 1390 36107
1525763047 15522 63246023 731365867781 1611 38613
1525763048 15871 64746989 733055230119 1897 36904
1525763049 15725 64019808 750761302076 1037 36972
1525763050 16075 63992799 706753995675 1512 39395
1525763051 15862 63994555 721416974489 978 38733
1525763052 15424 63994460 799589982922 1015 44965
1525763053 15891 64015222 752489534666 1179 39679
1525763054 15865 63274649 717279667961 1361 38108
1525763055 15570 64725037 768164836747 1690 39405
1525763056 15918 63416285 703215224687 1984 38226
1525763057 15848 64589124 790367357536 2012 39225
1525763058 15900 62625880 682293596976 609 38277
1525763059 15898 64064785 715043824489 1426 37608
1525763060 16021 64063138 719424562954 2052 38410
1525763061 16031 65007234 741816358318 490 36807
1525763062 15940 62972654 685186280512 2002 36101
1525763063 16120 65054323 748018465567 686 40653
1525763064 16096 64188052 681244341264 1038 41911
1525763065 15205 64021599 792776808029 2010 42710
1525763066 16024 63995856 686812087980 1744 35478
1525763067 16210 64015601 694376888615 1287 36662
1525763068 16494 63995109 656197778217 2009 36265
1525763069 16293 63992706 687912615418 2086 35138
1525763070 15479 63987316 757100668672 920 37042
1525763071 16217 64020306 675589419838 2009 35189
1525763072 16332 63986649 661966917105 2009 38288
1525763073 16270 62795180 636720806322 2051 36815
1525763074 16065 65201482 703747995520 1100 37988
1525763075 16077 64021459 676749880957 1987 35636
1525763076 16006 63981274 741753079626 2027 38291
1525763077 16152 62141137 602502951837 1142 37542
1525763078 16410 65838932 737078091210 2004 37496
1525763079 16071 64027075 712198297707 1904 36749
1525763080 15828 63984310 736989045674 2037 39615
1525763081 16708 64008739 632567780611 1131 38882
1525763082 15954 63999361 736118929259 1957 38642
1525763083 16039 64024907 683471586825 1592 34986
1525763084 16633 63133398 622593038698 1402 37435
1525763085 16071 64849031 694946269833 1546 35868
1525763086 15846 62177889 693671233561 1062 38355
1525763087 16297 65823934 712606374602 2022 37807
1525763088 15853 62205990 654362074820 2040 37457
1525763089 16896 65770701 655567592819 1889 39665
1525763090 16018 64003555 711086363879 1930 39960
1525763091 16478 62751695 634545767147 2007 39189
1525763092 16465 65269653 722511898297 1883 37484
1525763093 15841 63221229 718024947627 1983 40432
1525763094 16138 64752535 698449288695 1938 36989
1525763095 16254 64028765 716543873953 1902 37934
1525763096 15618 63999430 790551898366 2006 39883
1525763097 16481 64000199 697996163471 1683 40351
1525763098 15989 63082506 754119989004 1686 44112
1525763099 16346 64915753 714996968271 1253 38979
1525763100 15873 63989064 692665192828 1213 37813
1525763101 16087 64004630 686707206258 1441 36494
1525763102 16739 64020243 615523631911 1859 34576
1525763103 16658 63974298 638447166172 1354 34678
1525763104 16902 64013429 635705989163 1879 39509
1525763105 16203 64004652 675397043392 928 33691
1525763106 17365 63883831 555401467665 1058 34200
1525763107 16619 64099301 647801213555 1958 36242
1525763108 16695 63527283 592381636219 1479 34061
1525763109 16535 64480174 652076570122 1091 35678
1525763110 17046 63833386 610764837424 536 40473
1525763111 16588 64158268 637411639632 1621 36966
1525763112 16687 64008818 636463493204 1941 40235
1525763113 16680 64015622 636875593276 932 34571
1525763114 16816 63984439 614985199117 2038 42521
1525763115 16368 62477756 592102522470 816 36625
1525763116 16346 65508862 698144851394 1184 36853
1525763117 16929 64003447 652745018993 1601 39680
1525763118 16425 62105541 594980549235 1679 36105
1525763119 17118 65899901 698014077805 1132 39439
1525763120 16472 62360428 615069096004 1164 38463
1525763121 17205 65628583 623898739445 1010 35235
1525763122 16874 64000611 597304323505 1773 33931
1525763123 16590 64007375 669143638675 2074 37254
1525763124 16750 63981195 656802820535 2012 37447
1525763125 16068 62826080 659347926770 1827 37513
1525763126 16155 65204601 740555659983 1152 40071
1525763127 16588 63989825 656256897605 670 40206
1525763128 16456 63984715 671809413669 1539 40475
1525763129 16311 64023511 664950416757 2045 38593
1525763130 16822 63976463 624823600429 1579 36288
1525763131 16656 63703747 626335968755 2026 37691
1525763132 16818 64325749 621162078911 1016 35098
1525763133 16860 64012064 593128761534 1461 34069
1525763134 17034 63981363 600871739477 2044 37999
1525763135 16176 63836150 651382486716 1689 38241
1525763136 16153 64145070 714888637990 584 41163
1525763137 16504 64016592 695234325094 1346 40737
1525763138 16500 64006908 662296608590 1931 37834
1525763139 16638 63980252 642585034126 1364 36366
1525763140 16534 64006341 649253904415 794 37222
1525763141 15979 64006105 709717705395 1851 36970
1525763142 16564 62569709 639556660307 1110 42426
1525763143 16582 65079577 718491990663 1571 38446
1525763144 16335 64344583 722798960081 779 40708
1525763145 15971 63995823 777095475341 745 43106
1525763146 16062 62238944 707343443608 1132 44938
1525763147 17179 65785487 634952955829 1652 34256
1525763148 17377 63991782 583109463794 2039 35279
1525763149 16667 63988076 594544794414 1683 33696
