1525662030 57 780990 18006914080 2152 37567
1525662031 19904 32112051 63779759851 786 14764
1525662032 14686 25379303 244733506319 801 148624
1525662033 32 37094543 43022083629123 1077804 1167959
1525662034 230 25782214 3214656481164 2697 201095
1525662035 66 31589322 15600189530858 92524 544367
1525662036 97 38607759 19141741817259 124806 565379
1525662037 2814 33547717 8695252683491 649 426622
1525662038 21751 31976691 51664545477 722 8941
1525662039 21400 32029907 55821216813 743 9665
1525662040 22102 31990903 49494774195 670 8960
1525662041 21842 32006855 54035487139 773 9604
1525662042 7254 15642954 591790979688 754 141499
1525662043 128 43668372 23526594458336 186780 804024
1525662044 127 30988340 7638143929062 217887 491910
1525662045 85 34851729 17948127677785 243118 677115
1525662046 106 27205413 7025134511893 240267 368627
1525662047 150 35003798 8349012189800 208112 311211
1525662048 160 33030528 7396127016320 143757 314913
1525662049 128 32945746 8497264780730 231989 358160
1525662050 128 32978540 8500708438308 246687 263939
1525662051 126 30099316 7301385111070 207907 430144
1525662052 136 29790915 6581762936981 208618 444855
1525662053 158 33559354 7215228817730 203998 420561
1525662054 127 30472975 7615607704939 207700 422706
1525662055 158 33210608 7082826065514 194197 426173
1525662056 192 34633992 6598152235608 100881 222585
1525662057 182 31128554 5595750591066 88458 199643
1525662058 160 32208405 6493691577597 195767 293910
1525662059 10954 34575597 5430325412601 729 465955
1525662060 21689 31997762 51575778738 748 8937
1525662061 21369 32002278 53438410760 560 8635
1525662062 21169 31990373 55690712239 707 9342
1525662063 21506 32000922 55656099850 644 8748
1525662064 19611 32010204 230930646584 752 76320
1525662065 21871 31964192 52624172532 706 9475
1525662066 20778 32037382 55769339548 755 10724
1525662067 22271 31995638 50677031202 721 9571
1525662068 21665 32007458 53079261218 664 8761
1525662069 23036 31966733 49727662463 679 8178
1525662070 21634 32029368 53135116900 740 8580
1525662071 21492 31998557 55737327499 653 8635
1525662072 22070 32003665 49703961337 777 8922
1525662073 21827 31999654 52681586124 772 8664
1525662074 21805 31996538 50321867404 660 8597
1525662075 21911 32007960 52405217490 741 8644
1525662076 22071 31990892 50991227366 618 8892
1525662077 22073 32004474 51061136090 706 8877
1525662078 22027 31992481 51155678341 776 8805
1525662079 22012 32001881 48622724405 786 5488
1525662080 21804 31998973 54166873919 746 8869
1525662081 22304 31998592 50452992712 707 8814
1525662082 21751 32005066 51708871354 770 8650
1525662083 21730 31997963 53313912087 768 8905
1525662084 22190 31998060 51236321300 686 9290
1525662085 21796 32001708 51878203196 761 9092
1525662086 21837 32003863 51838241447 727 8810
1525662087 21776 31997201 54690339301 737 9065
1525662088 22152 32001979 51093024121 595 8615
1525662089 22252 31998758 50565655830 595 9506
1525662090 22185 31881121 51697745959 694 8727
1525662091 21694 32120908 53777508088 689 9032
1525662092 21810 32003947 51934397169 700 9522
1525662093 21946 32000562 49710307222 636 6018
1525662094 22401 31992786 48619999236 691 5790
1525662095 21659 32003829 49826178551 737 5430
1525662096 22884 31995868 46859720116 678 6241
1525662097 22684 32004960 47700392880 714 5796
1525662098 22399 31995562 48997092548 703 6554
1525662099 17521 32003072 661572181606 687 148701
1525662100 21964 31997040 49925251426 719 5915
1525662101 22402 32004295 48284865079 670 5463
1525662102 22772 31998716 47645481084 707 5742
1525662103 22606 31998077 48009960777 619 5851
1525662104 22264 31996492 48763126496 709 5980
1525662105 21614 31999914 51375829544 745 6693
1525662106 21262 31998936 51266048740 783 6295
1525662107 22149 32008614 49664884986 657 5902
1525662108 22340 31997120 49023149330 573 6140
1525662109 22431 32002850 49136246004 686 6116
1525662110 22631 31999037 47570359349 671 5557
1525662111 22371 32000270 48263573920 531 5773
1525662112 22487 31991574 48209264962 747 5610
1525662113 22594 32005944 48366693024 706 5687
1525662114 18927 31996629 879551987445 732 163127
1525662115 21883 32004092 49625053232 677 5847
1525662116 22436 31999635 48499069353 702 5633
1525662117 22841 31991285 47141071039 735 4997
1525662118 22947 32008032 47401466944 679 5878
1525662119 23053 32002922 47421536338 620 5715
1525662120 22607 31998846 48134199562 719 5785
1525662121 22815 31996321 48305801789 724 5633
1525662122 22145 32004515 49976749563 703 17950
1525662123 22885 32003780 47966740724 715 5502
1525662124 22821 31996990 47979681448 676 6183
1525662125 22545 31990978 48582995124 692 5613
1525662126 21361 32006703 51131734575 788 5844
1525662127 21756 32004355 50245375645 776 6044
1525662128 22257 31993376 49287597278 750 7337
1525662129 22468 31999066 49108398782 657 5891
1525662130 22538 32004330 48688037580 719 5883
1525662131 22359 31997669 49780930405 770 6806
1525662132 22662 31993495 47924494539 754 5495
1525662133 21216 32003186 51324651772 764 5713
1525662134 18464 31999002 490521450458 710 109370
1525662135 21733 32003591 51120490239 775 6132
1525662136 22590 31999716 48786589468 652 6250
1525662137 22971 31995162 47703393424 645 5594
1525662138 22678 31997900 47662912276 702 5342
1525662139 22065 32011927 49438839597 608 5719
1525662140 21347 31996097 50817719271 691 5350
1525662141 22719 31999479 48027978329 615 5684
1525662142 21692 31996182 50306569322 737 6603
1525662143 22241 32000984 49755737894 703 6822
1525662144 23057 32000223 47475673139 688 5505
1525662145 22796 32006161 48394881573 701 5813
1525662146 22466 31997795 48422397247 723 5358
1525662147 22640 32000705 49075073701 535 6480
1525662148 22170 31992163 49875574633 709 5631
1525662149 22620 32003373 49217453965 691 6286
1525662150 17671 32000273 754202909635 804 151012
1525662151 22013 32000678 50082744178 714 5879
1525662152 21448 32001976 50944394746 694 5557
1525662153 22430 31998423 48984909647 716 6600
1525662154 22148 32001088 49585725754 753 6024
1525662155 22809 32003626 47749191998 705 5483
1525662156 22268 31991208 49066831934 623 5747
1525662157 21776 32004404 50329849102 659 5709
1525662158 22244 32003140 49522488204 591 6190
1525662159 22408 31998834 49008399126 671 5624
1525662160 22274 32000041 50052358163 512 7286
1525662161 22567 31997621 49770846601 678 5823
1525662162 21858 31999739 50603337031 651 5742
1525662163 22268 32000654 49562910014 659 6225
1525662164 22578 31999465 49040765865 680 6108
1525662165 22291 31996924 50242171438 638 7022
1525662166 21834 32006341 51274072265 678 6102
1525662167 22115 31995467 50299099175 719 5951
1525662168 22252 32004514 50061866008 698 5950
1525662169 19743 31993476 325977203736 662 82952
1525662170 23175 32007227 48534322683 610 5618
1525662171 21964 31997086 50941842394 604 6359
1525662172 22453 31996047 50454282945 570 5903
1525662173 21237 31999287 52580201849 630 5834
1525662174 21421 31996414 52112831592 629 6531
1525662175 21721 32010170 51808908320 653 6035
1525662176 22197 31996200 50977088358 710 7064
1525662177 23471 32005547 48089808343 650 5980
1525662178 22162 32003310 73583618740 680 154333
1525662179 21489 31995968 51621294152 623 5789
1525662180 23549 31997621 47171246245 664 5804
1525662181 23269 32002030 47846474054 632 5968
1525662182 22760 31996451 49204409549 663 5777
1525662183 23141 32000175 48666870933 569 5579
1525662184 21407 32000462 52384833942 627 5831
1525662185 23784 32000060 47922028474 530 5573
1525662186 23086 32001201 49020987007 601 8081
1525662187 23614 32002018 48052824776 620 5619
1525662188 23312 32001020 48887006546 616 5924
1525662189 21397 31995669 52842329481 609 7013
1525662190 21645 31998489 52024462903 695 6870
1525662191 23204 32002339 49020099265 536 5779
1525662192 22679 31995631 50782321925 599 7854
1525662193 21396 32005036 53566865818 624 6103
1525662194 22258 31996861 53900822535 622 10324
1525662195 21176 32003638 57777640978 602 12018
1525662196 21962 31995833 53997622479 610 9976
1525662197 22072 32006657 50639135213 689 5954
1525662198 22389 31996573 52000745811 552 8935
1525662199 22112 32000078 51624497282 628 10123
1525662200 22669 32000845 49955039447 607 8462
1525662201 21882 32001108 54323483436 577 11259
1525662202 22109 31997697 52340137373 635 8536
1525662203 22804 32001636 49432437094 557 6545
1525662204 18619 32003112 507336637720 652 153824
1525662205 22759 31994375 50857649811 538 9132
1525662206 22351 31999528 52823845282 625 10631
1525662207 21468 32004031 56296286939 697 10838
1525662208 22065 31980161 53483652029 618 9031
1525662209 22357 32016538 52472423868 653 9330
1525662210 22062 31979428 51468447498 645 6002
1525662211 22321 32016936 52495118290 620 8599
1525662212 21633 31997037 56114329441 641 8852
1525662213 22201 31998955 51486058001 608 8918
1525662214 21630 32002727 53901354427 667 9699
1525662215 21978 32010851 51498446301 697 5758
1525662216 22743 31999268 50366617980 591 5652
1525662217 22872 31989506 52557382354 517 9666
1525662218 21992 32003706 52076023690 599 5595
1525662219 21713 31999980 54282555456 598 8579
1525662220 22706 31997272 52385153976 594 8701
1525662221 23758 32009383 48531340753 525 5854
1525662222 23988 31996976 49348893844 545 5753
1525662223 22573 31994153 51733122827 606 5849
1525662224 22920 32008179 50632244451 644 5737
1525662225 21864 31990824 56375668176 589 10990
1525662226 22941 32004246 51296571210 520 8668
1525662227 22646 32000477 50626676985 649 6030
1525662228 22765 31994782 49869578840 616 6068
1525662229 23473 31998932 48589910598 551 8356
1525662230 22558 32007854 53529762510 561 10105
1525662231 23738 32003086 51107993658 545 10934
1525662232 23298 31993882 48704094158 622 5729
1525662233 22415 31999612 50618406116 641 5976
1525662234 22331 32000379 51339097021 618 5640
1525662235 22116 32002371 52856025841 566 8539
1525662236 21665 32006605 53105769575 634 10673
1525662237 21985 32000145 53931332837 660 10632
1525662238 22804 31996595 51913697765 532 10511
1525662239 18837 31991084 455142203874 499 108500
1525662240 15915 32007576 2347460852296 718 271691
1525662241 22861 32003747 51543321243 546 9514
1525662242 21211 31992332 55623663724 625 10010
1525662243 21965 31998261 54544694073 587 9642
1525662244 22119 31996647 53047958447 611 6224
1525662245 22595 32000321 54692112977 580 10310
1525662246 22707 32010609 50679474495 663 6003
1525662247 22903 31991751 51613383653 539 5674
1525662248 23086 31994055 51254866741 582 5945
1525662249 22282 32004017 53498627393 586 10966
1525662250 20926 32002107 55638344559 591 6408
1525662251 21975 32007264 54603560118 534 8820
1525662252 23089 31994004 52766955862 561 10205
1525662253 21038 32005998 56626516952 670 9173
1525662254 22830 32000751 51311056105 568 9268
1525662255 22123 31995313 52890897975 650 9432
1525662256 21328 32001428 53494894870 697 5989
1525662257 21454 31998694 54423109078 660 9412
1525662258 21159 31995399 54012631325 687 6211
1525662259 21722 32005768 54673186482 614 9022
1525662260 21556 31982216 53888210782 647 5821
1525662261 22433 32005726 52067126932 600 5919
1525662262 23039 32013371 51264218165 565 8600
1525662263 21395 32000236 53455919870 674 5750
1525662264 21428 32001986 55559942256 609 10969
1525662265 21859 31991029 52803687051 637 6057
1525662266 22065 32007133 52521029779 581 6272
1525662267 23418 32000947 50185245805 605 5632
1525662268 23474 31992453 50107914897 560 6263
1525662269 23154 32001064 50591357184 580 5685
1525662270 21294 32001075 53702883995 636 7785
1525662271 21196 31998818 55529048838 676 9571
1525662272 21330 32002793 53348284349 688 5790
1525662273 22842 31999243 51668961909 499 8876
1525662274 19415 31994335 361534252363 598 95194
1525662275 21516 32004138 53427016484 669 5714
1525662276 21484 32004944 54607501992 638 8788
1525662277 23376 32004308 49898692222 597 5795
1525662278 22623 31988932 55076675494 614 15184
1525662279 22800 31993078 51808705664 536 8981
1525662280 22678 32012412 51694442430 491 5985
1525662281 22418 32002479 51218140969 620 6011
1525662282 22235 31999127 51834211595 554 6408
1525662283 22419 31990885 53253775455 574 10806
1525662284 22171 32006336 55397250726 595 9934
1525662285 20747 31999104 57815301878 689 10617
1525662286 21884 32001253 56139212193 637 12413
1525662287 17247 31988418 84857202972 582 15771
1525662288 15388 31988772 88227294450 507 10662
1525662289 14452 32029648 130973547380 453 24515
1525662290 17445 31993049 79493391461 572 14320
1525662291 20610 31952006 120672131888 651 38006
1525662292 14599 32062303 94243080983 524 9529
1525662293 12589 31955287 111155552043 543 10641
1525662294 12469 32042983 114129891647 431 10273
1525662295 13036 31897253 141403737397 466 15700
1525662296 13730 32092952 113640900382 423 15138
1525662297 18474 32001002 69424841736 384 10937
1525662298 17133 32010252 246225078596 549 76148
1525662299 12688 31977567 148562770091 492 17941
1525662300 16613 32002623 83273875187 475 11485
1525662301 14995 32009554 100479603508 470 15003
1525662302 16282 31956603 85829904263 619 12140
1525662303 14684 32032105 107133344547 395 15731
1525662304 14684 32009290 103921749684 512 12352
1525662305 14631 31990728 121805687960 461 14780
1525662306 14613 31930900 111449235736 463 13742
1525662307 13620 32056320 137948062684 532 27742
1525662308 13692 32019482 130990373684 601 16815
1525662309 12305 31989192 454738317186 639 93065
1525662310 13985 32009713 126573864939 565 16767
1525662311 14703 31991620 131410558146 517 13314
1525662312 18253 32010726 94069157542 561 15401
1525662313 18894 31992223 87853627653 599 19062
1525662314 17591 31948564 78907042628 379 13470
1525662315 17159 32056790 86460271736 609 11233
1525662316 13241 31966934 2290629502522 649 265020
1525662317 16932 32017377 81929469045 441 9459
1525662318 17498 31985425 78963611247 537 11137
1525662319 16629 32028809 91541322243 431 11817
1525662320 18286 32011382 70285809986 443 8764
1525662321 16759 31989646 82680595084 533 9498
1525662322 16863 31997403 82076487669 539 10673
1525662323 4585 10582343 140734509083 376 62764
1525662324 6137 53185271 27637568286255 313 1049505
1525662325 9816 32236984 688175513782 582 74812
1525662326 9647 31565176 629658669808 595 63298
1525662327 10566 32433665 603157665353 622 65950
1525662328 10357 31181843 605665471047 515 61986
1525662329 12546 31704533 474665790251 516 50545
1525662330 9880 32212341 569152489457 367 57383
1525662331 9882 32198889 732780197279 591 73283
1525662332 9918 31424779 651166312095 498 92206
1525662333 9794 32163867 584891732357 580 63508
1525662334 11294 32778720 632253678884 531 69791
1525662335 9973 31321548 615501643002 640 63489
1525662336 9878 31386118 616628971800 597 67283
1525662337 9918 32069927 721447154699 458 81768
1525662338 10547 33561008 743478251896 555 74943
1525662339 10169 31962986 667583466702 571 64026
1525662340 10056 32032840 559616588214 513 59647
1525662341 11956 31617682 670054443392 620 69337
1525662342 11576 32379352 518697019526 573 48441
1525662343 10064 31524945 589175117021 484 65611
1525662344 11342 32480922 531428225660 512 61166
1525662345 13368 31992135 478899918619 536 44348
1525662346 13675 32004328 485103452572 554 56030
1525662347 12991 32003090 430643708398 665 47954
1525662348 12096 31950696 660885367672 509 75163
1525662349 11067 32049059 549848721211 581 69732
1525662350 10763 31316429 560230140221 532 63050
1525662351 11489 32677737 597444575065 637 58378
1525662352 11354 32010455 575647701923 511 63150
1525662353 12219 30975063 464992885941 558 51480
1525662354 11613 32305034 803950924640 541 89940
1525662355 11090 32712167 476559165279 568 43115
1525662356 10793 32005296 563100234440 479 72190
1525662357 10173 31991040 855961006060 593 72871
1525662358 9931 32006253 1132736713063 560 83111
1525662359 9888 31997514 954411056988 584 76532
1525662360 11346 31997796 678938783754 492 65660
1525662361 9868 32001025 1000733610307 620 76042
1525662362 11213 31606311 606177901399 515 90953
1525662363 10208 32323599 786057610237 537 73386
1525662364 10078 32066823 512571009109 607 46305
1525662365 10292 32013722 918378623024 617 80140
1525662366 9730 31200109 783060420747 480 78345
1525662367 9889 32584118 685303730006 453 80584
1525662368 9410 32205503 795241300675 595 91431
1525662369 9247 31256070 803680500088 373 79790
1525662370 8980 32660103 910462659795 617 91382
1525662371 9724 32077030 854676853534 576 71719
1525662372 9372 32009249 869183720801 453 79561
1525662373 9301 32000442 700696793644 449 70333
1525662374 9814 32011213 907410298429 574 80439
1525662375 12125 31989203 528112139083 613 56077
1525662376 13348 32000407 503446373807 623 51505
1525662377 14186 31993201 436310463679 503 49452
1525662378 13563 31993851 525279975975 508 53010
1525662379 13636 32011174 451052074694 442 55187
1525662380 12649 32002606 555012478926 642 61604
1525662381 11357 31543579 599880486379 513 67939
1525662382 10833 31298176 694181631080 595 66518
1525662383 11358 33149080 824230359016 562 75369
1525662384 11940 31202111 596516089387 512 74080
1525662385 11531 32805685 742163427719 571 67872
1525662386 12189 31991648 705980936230 581 65396
1525662387 12719 31984956 683403943694 596 67298
1525662388 13651 32023258 547109494316 566 56270
1525662389 13017 31996063 577606589873 580 53624
1525662390 12879 32001401 524318101003 582 50915
1525662391 14019 31838112 467629768706 545 49255
1525662392 13314 32157655 655660194643 618 54602
1525662393 14330 32002917 543276974571 624 53042
1525662394 14279 31983864 539824460192 570 46912
1525662395 12965 31944458 653140877076 563 78987
1525662396 11220 32075884 482912095310 478 52381
1525662397 10425 31996612 764468772740 536 91048
1525662398 3691 12913218 672225583146 542 138502
1525662399 0 0 0 0 0
1525662400 0 0 0 0 0
