1526030266 12822 50385667 383931704371 2181 82234
1526030267 18255 63999721 238174210593 1597 12162
1526030268 18214 63994306 233953710750 2187 7412
1526030269 18085 64011992 241518963954 2288 11835
1526030270 18263 64012592 240225964800 2142 12959
1526030271 18081 63999748 242059625324 2109 12211
1526030272 17734 63975962 244972076304 2135 11778
1526030273 17895 63993403 240546316111 2110 12033
1526030274 17525 64007911 246856380967 2057 12884
1526030275 18313 64011859 235860574037 2273 12663
1526030276 18578 64004462 230184330530 2270 7122
1526030277 18374 63999100 232953209958 2180 8767
1526030278 18496 64020147 235692650095 2151 12929
1526030279 18622 63965446 229441690440 2195 7491
1526030280 18626 64007142 231709951892 2156 11170
1526030281 18637 64016197 233145760473 2197 12732
1526030282 18706 63974892 230149812876 2144 11358
1526030283 19147 64013248 225403420444 2107 11895
1526030284 18576 63994891 230082768553 1748 6968
1526030285 18990 64011809 224776557413 1982 6892
1526030286 18920 64001804 227643634300 1949 11890
1526030287 18998 63993233 226744411107 1773 10962
1526030288 18489 64004911 234759718631 2165 11650
1526030289 18869 63984981 225715462769 2027 7358
1526030290 18826 64002670 226245733182 1915 7126
1526030291 18803 63998572 226350024852 1907 9390
1526030292 18954 63997339 224629522705 2051 7229
1526030293 18905 63994881 224850846169 2110 7228
1526030294 16397 64007146 637918579100 2054 113159
1526030295 18332 64011262 237790847704 1887 13322
1526030296 18521 64002939 233477943359 2101 11918
1526030297 18758 64000472 228679390796 2014 11825
1526030298 18538 63960496 231148218572 1855 12502
1526030299 18051 64030350 333560694448 1992 52870
1526030300 18784 63992532 225719436230 1951 8464
1526030301 18571 64010377 228286903095 2085 9259
1526030302 18566 64004431 230353670047 1667 11561
1526030303 17883 63985820 239215206594 2015 11762
1526030304 17790 64005142 240149835090 2050 10985
1526030305 18350 64027951 233144461887 1974 11821
1526030306 18734 63955330 225857336942 1660 7327
1526030307 18311 64020985 231670663723 1792 7829
1526030308 18270 64001104 233854075538 2043 11962
1526030309 18493 63996225 230668930953 1883 10902
1526030310 18322 63990061 235041594169 1674 13097
1526030311 18369 64001805 233265342277 1947 12299
1526030312 18390 64021572 232800927954 1732 11244
1526030313 18658 63976055 226930656727 1813 7999
1526030314 18636 64025547 227525150709 1371 8503
1526030315 18675 63985485 226863202941 1784 11472
1526030316 18710 63999060 226406985050 1863 6962
1526030317 18639 63991888 227407289658 1861 11284
1526030318 18659 64020259 227192888649 1787 8199
1526030319 18695 63992122 226195227110 1817 7101
1526030320 18610 63996157 227534028359 1823 7680
1526030321 18341 64002887 232696152707 1698 11183
1526030322 18513 64007275 228349768677 1878 7264
1526030323 18224 63965865 233724817837 1707 10752
1526030324 18024 64023002 239505929336 1701 12201
1526030325 18769 63997864 225120358572 1568 8826
1526030326 18413 63987715 229583927269 1277 11596
1526030327 17941 64015315 241871985307 1765 12636
1526030328 18450 64003522 229312936928 1790 7362
1526030329 13746 64008598 1317208457172 1725 177190
1526030330 18205 63994128 232389201002 1599 9420
1526030331 18316 63970890 232759554220 1611 12081
1526030332 18134 64011628 235156095642 1739 11426
1526030333 18173 64019296 235055139928 1683 11165
1526030334 18155 63978607 232780392247 1706 8219
1526030335 17780 63995496 240045279024 1652 11783
1526030336 18475 64002822 228919045372 1677 6809
1526030337 18672 64021659 226923153371 1703 11131
1526030338 18651 63993550 226912712930 1436 7261
1526030339 18451 64003088 231189444608 1484 10723
1526030340 18262 64004383 231838314179 1670 7767
1526030341 18679 63992183 226805548595 1605 9918
1526030342 18438 63995831 230023847947 1337 8743
1526030343 18189 63996715 233404988977 1546 8590
1526030344 17966 64003896 237460985034 1610 10940
1526030345 18481 64005459 229471366075 1610 11469
1526030346 17360 64001224 345159488254 1542 36304
1526030347 16016 63958248 423450239950 1400 33442
1526030348 16047 64038112 464693040220 1089 33075
1526030349 15983 64000119 442159503685 1287 33589
1526030350 16006 63990191 486370174543 1457 39009
1526030351 16122 63998869 492787502953 1430 38512
1526030352 16348 64011957 448065496609 1418 36176
1526030353 15707 63986477 536471488821 1388 41466
1526030354 15800 63986429 500674703015 1516 39674
1526030355 16199 64043225 461546877437 1359 37251
1526030356 16156 63981771 458104186817 1347 38472
1526030357 16353 62774293 394322845415 1484 34711
1526030358 16561 65211662 447519480912 1196 35034
1526030359 16235 64016332 468740643156 1371 35867
1526030360 16298 63996779 438881092505 1070 35354
1526030361 15990 63977928 432348123382 1422 33695
1526030362 16220 64004746 434107489694 1424 34347
1526030363 16056 64017908 438189272868 1263 34731
1526030364 12819 63374677 1197105597627 1148 86689
1526030365 16653 64630071 453070109201 1278 36160
1526030366 16122 64007888 456555343078 1210 35047
1526030367 16462 63900218 434164752872 1333 34871
1526030368 16266 64084398 400115897180 1349 36324
1526030369 16062 64016929 441711078169 962 39600
1526030370 16138 63982493 404442798517 1353 36592
1526030371 15647 64005163 433034739381 1339 34243
1526030372 16803 63990118 384582554120 1213 33649
1526030373 15783 63989893 438206645427 1153 34977
1526030374 16727 64011767 403865576705 1111 36092
1526030375 16173 64002446 435796679468 1027 35884
1526030376 16615 63968296 385383168832 1289 33572
1526030377 15831 64052234 429286938626 1026 33828
1526030378 16025 63961405 391578540947 1406 34415
1526030379 15940 64028815 389771171721 1390 33815
1526030380 15919 63983539 405311345861 1346 32980
1526030381 15945 64019687 408890375085 1298 37527
1526030382 16253 63519750 375152996068 1216 31335
1526030383 16012 64462441 433515669719 1249 39841
1526030384 16380 63995997 374132674261 915 31721
1526030385 16392 64001321 379411153017 1199 34756
1526030386 15529 63942955 435287774153 1353 34132
1526030387 16118 64054232 385739874014 1252 33643
1526030388 16392 64011091 380298597523 1123 32759
1526030389 16229 63996232 383505801858 1236 35740
1526030390 16233 64003599 378493567673 1232 32804
1526030391 16372 63996394 362202401402 1227 29740
1526030392 16010 63999366 418955754846 1100 34487
1526030393 15781 64007061 388028775841 1314 32388
1526030394 16422 63998746 382591566834 1159 34059
1526030395 16564 63987015 373720404525 1158 31666
1526030396 16220 63997887 380889134107 1099 31285
1526030397 16168 64022979 383277238441 1172 35188
1526030398 16345 63977422 375587203022 1151 31654
1526030399 13092 63936958 1144665474602 1166 142431
1526030400 16103 64036841 398378777567 1069 34714
1526030401 15978 62526385 331661620519 1122 31140
1526030402 16401 65503707 395838775489 1178 35883
1526030403 16288 63912291 422155095965 1196 34380
1526030404 16292 64097957 347788033431 1059 33657
1526030405 16143 63993503 371381036605 1055 31301
1526030406 16320 64011303 378462712997 1090 32860
1526030407 16096 63996793 382930000993 1227 31489
1526030408 15957 63978391 382293270433 1133 32164
1526030409 15804 64021933 400756197009 945 35769
1526030410 16321 63987412 370962982096 1070 33405
1526030411 16003 64015262 406586740692 1116 34545
1526030412 16772 63970476 359282432252 1066 31537
1526030413 16940 64018500 319684684962 1055 30227
1526030414 16035 64005277 387004514493 1058 31715
1526030415 15969 63995150 381161117036 1156 31515
1526030416 15879 63995293 385186584791 1134 31844
1526030417 16346 63703941 342995423361 1095 33251
1526030418 16288 64288128 406882056058 1157 40678
1526030419 16002 64006514 422867668512 1002 36694
1526030420 16034 64002022 385568353100 1119 34185
1526030421 16382 63998181 323899705675 986 29467
1526030422 15970 64002274 385237779796 1134 35314
1526030423 15647 63998307 388672057971 1170 31978
1526030424 16547 64006422 335041444006 1064 32779
1526030425 15998 63998595 391667620247 999 32877
1526030426 15830 63991442 391476413332 1079 35156
1526030427 16378 64009984 335435922968 1067 31004
1526030428 15749 63987793 385185705461 1082 34640
1526030429 15956 62664196 336761076894 1064 33012
1526030430 16353 65338000 398559239570 1029 33888
1526030431 16016 63994647 394515470031 1095 36237
1526030432 16290 64015910 337983413730 1050 32433
1526030433 16045 63991042 393032161354 1002 34584
1526030434 12933 64001238 1115562740700 1167 141935
1526030435 15857 63999458 362420427020 974 35467
1526030436 15689 64014309 394173891939 1006 34860
1526030437 16429 64007172 336192376400 1078 32002
1526030438 15986 63967070 384603055684 955 33568
1526030439 15610 63992082 349146222070 1092 31752
1526030440 15621 64044256 392514869864 1062 33016
1526030441 15566 63978915 356381872983 1068 33573
1526030442 15587 63986703 406899334749 1024 33902
1526030443 15991 64011830 353660046428 955 33814
1526030444 15490 64003580 360728263636 1083 33282
1526030445 15454 63988755 406939939793 1119 37639
1526030446 15980 64028296 370816684242 1003 35745
1526030447 15933 63963770 359952753628 960 35449
1526030448 14898 64018421 430699492067 1073 35507
1526030449 15935 64011154 347761877382 943 32609
1526030450 15984 63996353 345675275547 1060 35963
1526030451 14760 63999665 436385429121 997 37879
1526030452 15509 63976236 376710972764 1079 36976
1526030453 15884 64022872 351677421906 974 31674
1526030454 15143 63983168 395879420304 1085 33173
1526030455 14973 63994758 388397744372 1182 38037
1526030456 15645 64013870 347030092824 964 31361
1526030457 15775 63995277 361492351047 1096 34101
1526030458 15296 63981506 377255540404 1104 37520
1526030459 14974 64016336 418188456372 1116 34900
1526030460 15571 63991340 341592986740 1066 29792
1526030461 15546 64009459 372269762153 1111 37413
1526030462 14965 64012999 419982077087 1077 45407
1526030463 15363 63983826 364933625388 1035 33269
1526030464 14803 62802451 354643598341 997 31925
1526030465 15439 65180221 415275579161 1098 36150
1526030466 15557 64052141 377149230013 1078 38366
1526030467 14869 63975842 382695268538 1025 35136
1526030468 14973 63991779 376273226533 1010 33530
1526030469 12024 63992463 1158847915469 1128 133062
1526030470 15144 64004664 367633061024 1100 33081
1526030471 15168 64004000 372367197678 927 36232
1526030472 14911 63998586 381069824592 1080 35311
1526030473 15257 63998879 353229108239 1000 30697
1526030474 15107 63994415 359230226609 1027 31909
1526030475 14770 63764164 374541419474 1075 33749
1526030476 15062 64072432 394409345330 1082 37274
1526030477 14636 64145006 420045601664 1050 33542
1526030478 14870 64000155 371956843501 1034 33121
1526030479 14811 64010175 378142296635 1052 36977
1526030480 14803 64014372 395667677264 1114 40050
1526030481 14955 63994098 373404498128 1046 34764
1526030482 14443 63998807 392616604209 1046 37597
1526030483 14772 63979639 385075775923 1023 36114
1526030484 14428 64004679 428264295923 1029 39703
1526030485 14762 64030903 394474507093 995 37021
1526030486 14436 63988284 392300497154 1041 36008
1526030487 14963 63989628 347157385110 1020 41206
1526030488 14564 64003982 381536116656 1016 32696
1526030489 14483 64019602 374836948598 1079 35748
1526030490 14423 63979448 394230958270 965 38598
1526030491 14269 64008381 390196663985 1013 36380
1526030492 14133 63982602 408997838422 1008 37876
1526030493 14625 64002126 388425109908 1095 37054
1526030494 14268 64015957 400878216661 977 36491
1526030495 14404 64002000 397208794608 1000 35491
1526030496 14378 63896114 379848598294 975 35619
1526030497 14748 64101287 326094999977 974 28984
1526030498 13966 64007876 419985534560 1057 43537
1526030499 14091 63990138 412876253744 1120 39974
1526030500 14159 63990119 400905532151 1003 35970
1526030501 13948 64011307 421054590691 1057 38338
1526030502 14729 63996116 340360595032 1050 33090
1526030503 13305 63990973 452152827335 965 45141
1526030504 13048 62239433 471953264249 940 47950
1526030505 12831 64955319 678047815021 1030 80836
1526030506 14307 64790725 378572627071 1028 32211
1526030507 13901 64030647 395740351077 983 37503
1526030508 13576 63952165 400099473911 1054 34879
1526030509 13876 64013490 378626712310 1051 31033
1526030510 14418 64012931 351757266515 1025 36763
1526030511 13736 64012068 391598327690 1071 33394
1526030512 13824 64002900 390156508308 1063 35689
1526030513 13682 64006854 398171583832 1068 34484
1526030514 13902 63984173 356667523905 879 34398
1526030515 13783 63970812 385382842642 1025 33662
1526030516 13524 64043075 405038647051 1100 34582
1526030517 13739 63959453 351721557829 1082 30563
1526030518 13449 64013828 417315563580 1034 35751
1526030519 13259 63996318 422008840342 977 37277
1526030520 13577 64004629 368481568691 1073 34234
1526030521 13253 64017049 409851209337 1014 36677
1526030522 13407 63989196 401859403048 1040 35147
1526030523 13555 63432227 355973936787 1075 34353
1526030524 13377 64564660 405916156460 885 35012
1526030525 13271 63970270 388305575748 1054 31730
1526030526 13579 64032792 364759348444 1044 35747
1526030527 13411 63969300 396392277374 1027 33366
1526030528 13295 64034009 385293439823 998 33698
1526030529 13555 63996235 369178369783 999 34574
1526030530 12944 63988553 425314234173 989 37049
1526030531 13505 64016032 364066510446 940 33387
1526030532 13358 63992547 407621805703 1038 35948
1526030533 13059 64005506 411733316376 1040 33282
1526030534 13616 63987287 356192499529 1050 31528
1526030535 12663 64014680 417827567894 984 33955
1526030536 13551 63928147 353918606699 1067 31141
1526030537 13021 64085760 446607477388 972 40631
1526030538 12625 63985860 449587271124 988 40001
1526030539 13552 63989163 354170372041 1029 32052
1526030540 11753 64009483 616076575963 1034 82374
1526030541 13184 63954736 369782091014 991 32086
1526030542 12988 64049472 409063863772 1040 32585
1526030543 12789 63964600 370121764482 999 27089
1526030544 12733 64009682 431667380200 1002 36219
1526030545 12622 64028766 407316451490 1045 40891
1526030546 12549 63982657 437927440787 1042 36973
1526030547 13174 63990823 387262155149 1031 39333
1526030548 12607 64006623 447841266461 943 38500
1526030549 12988 63981132 373343014694 1028 31769
1526030550 11786 64032033 664368421985 977 81787
1526030551 12545 63965731 403797589467 1011 37570
1526030552 12441 64007434 441419497940 1013 36642
1526030553 12948 63979684 374615119888 1026 35512
1526030554 12129 64042107 470595430209 959 38601
1526030555 12882 64006629 401005388147 1058 37706
1526030556 12846 63976823 422923735035 1012 35334
1526030557 12459 63979312 390085692928 1049 36293
1526030558 12463 63954751 470169614529 1056 41596
1526030559 12620 63994029 384574909863 941 31734
1526030560 12451 64066292 407584822668 1011 39058
1526030561 12471 64020367 410435886523 1083 30694
1526030562 12326 64012034 423848111028 991 41628
1526030563 12112 63984555 464438884041 1044 39889
1526030564 12710 64006835 407479214685 1074 40441
1526030565 11978 63971793 435215844485 1066 34120
1526030566 12607 64012964 398141579790 1034 37153
1526030567 12597 63510054 379052311362 994 30370
1526030568 12276 64486998 449668549494 1089 41218
1526030569 12773 63993921 393947352611 1052 38327
1526030570 12009 63984543 454621274979 984 38758
1526030571 12825 64016437 379041574925 969 32655
1526030572 12024 64018169 449208933833 1076 37405
1526030573 12293 63939086 396636822442 1107 36306
1526030574 12304 64061763 422025671163 1052 40319
1526030575 11985 63978549 465333126685 965 37050
1526030576 12525 63983381 399860476995 1035 38300
1526030577 12330 64015223 403411899451 1121 36791
1526030578 11758 63987519 476360170597 988 39108
1526030579 12119 64030656 417703162292 1023 42429
1526030580 11760 63977293 543725034661 993 64266
1526030581 11699 64021167 469181907635 1097 41578
1526030582 12575 63942950 392560937696 1040 38816
1526030583 11661 64066070 457856071638 985 36377
1526030584 12407 63979436 404203371224 1088 37232
1526030585 11919 64009201 423403902427 1019 39807
1526030586 11841 63967884 434813607100 1038 34866
1526030587 11984 64044897 398112557959 1026 30214
1526030588 12054 63991387 412288873961 1100 36048
1526030589 11598 63997442 497949257856 1110 46230
1526030590 11982 63998590 429380617750 1053 38473
1526030591 11996 63948905 412341729195 1050 35094
1526030592 11599 64025357 482309398975 1044 42337
1526030593 11970 64021484 424824948440 1004 40350
1526030594 11917 63970782 428535893010 1104 41989
1526030595 11390 64037637 471591812177 1090 36371
1526030596 11891 64005028 405595674992 1071 31338
1526030597 11633 63965745 412955883437 1101 31398
1526030598 11840 64020503 440578965629 1092 32952
1526030599 11793 63941295 410938295541 1055 32486
1526030600 11717 64057332 435233444742 1074 40374
1526030601 11454 63981239 506918850131 1063 43648
1526030602 11665 64011062 435096993350 1107 39773
1526030603 11829 63958347 428837753963 970 38593
1526030604 11828 64031583 430689209277 1140 44788
1526030605 10504 63999059 583296375009 1109 52533
1526030606 11682 64024815 421187993529 1094 38797
1526030607 11655 63973152 425335381450 1108 38969
1526030608 11298 63455798 431337852872 1100 38849
1526030609 11149 64530341 476196556219 1114 39706
1526030610 11567 64047112 435222105106 1073 33903
1526030611 11467 63963092 431430515132 1060 36985
1526030612 11333 64012143 484386458673 1086 38398
1526030613 11590 63991702 428017696448 1067 37224
1526030614 11504 63971790 437003203146 1074 38548
1526030615 10648 64039827 622721489173 1033 61474
1526030616 11049 63930372 453453124444 1126 38975
1526030617 11007 64067756 488621082326 1043 41677
1526030618 11396 64008865 443165207299 1086 40564
1526030619 11531 64010615 433689094431 1121 38553
1526030620 11514 63964147 439695126781 1130 40777
1526030621 10817 63980730 513272005068 1151 42911
1526030622 11132 64007335 442185130573 1045 35868
1526030623 11345 64034300 418809004972 1061 32330
1526030624 11328 63968964 422868402244 1080 33719
1526030625 10934 62337626 440404004576 1091 39575
1526030626 11035 65696851 539797256379 1089 43968
1526030627 11175 63980565 447651331853 1148 38091
1526030628 11042 63999420 456750648838 1070 37889
1526030629 11087 64000743 456201726531 1066 39175
1526030630 10847 63986687 501717295221 1111 45775
1526030631 11174 63998167 451422586833 1142 40400
1526030632 11090 64010279 434429244829 1104 32702
1526030633 10946 63978794 458444805630 1057 39815
1526030634 10939 64024169 464432553267 1093 41212
1526030635 10534 63973192 542604960404 1091 52766
1526030636 10868 64005089 456317125675 1144 38180
1526030637 10907 64000928 433924729952 1178 30071
1526030638 11080 64043662 448856671982 1125 38311
1526030639 11346 63989441 417714496191 1039 32064
1526030640 10697 63878953 500207309411 987 40462
1526030641 11055 64097536 434338951076 1140 32490
1526030642 10726 64011856 466180559852 1190 38394
1526030643 10719 63993307 473489234601 1134 42114
1526030644 10981 64022070 460904584938 1069 38450
1526030645 10754 63987543 473415807243 1098 34582
1526030646 10533 64002436 514906048662 1159 46626
1526030647 10831 64028856 449942473140 1045 34790
1526030648 10729 63975206 474138702918 1179 44305
1526030649 10683 63966317 465998511555 1124 41526
1526030650 10075 64024059 647439206587 1188 81719
1526030651 10700 63938012 468690338892 1088 39184
1526030652 10899 64053634 440869706500 1119 32484
1526030653 10364 64096797 506430340785 1084 44058
1526030654 10689 63919109 454925228427 1162 36455
1526030655 10610 63984829 468707302007 1083 39561
1526030656 10839 63998706 443936578560 1235 33170
1526030657 10645 64025925 457540174131 1098 35158
1526030658 10417 63986489 458894689025 1172 33039
1526030659 11015 63948331 446902678725 1157 37687
1526030660 10547 64006976 471539175882 1045 37047
1526030661 10228 64018763 536030033071 1033 43512
1526030662 10445 64035888 479815732070 1151 37691
1526030663 10389 63984945 481087932695 1073 43385
1526030664 10365 64014486 483068731242 1196 42397
1526030665 9975 63959361 568191456763 1177 53084
1526030666 10533 64007221 455704675477 1044 34761
1526030667 10373 64020185 475965342593 1132 41237
1526030668 10406 63986428 462350562464 1082 41037
1526030669 10481 64015417 471604570893 1182 42258
1526030670 10324 63597281 473251409563 1108 37553
1526030671 10335 64386661 503628311113 1112 33350
1526030672 10273 64012684 472395678528 1127 32943
1526030673 10126 63966430 488052605912 1027 37000
1526030674 10513 64028917 475879401581 1125 40447
1526030675 10064 63998468 472192417924 1084 29444
1526030676 10377 63998893 471403614547 1156 38105
1526030677 10185 64013543 486769499605 1139 38382
1526030678 9965 64002717 505443069451 1153 42963
1526030679 10123 63985433 477729691939 1116 34373
1526030680 10186 63961529 474627377593 1159 33172
1526030681 10265 64037503 466194022063 1152 32817
1526030682 10456 63989449 466270551501 1094 35534
1526030683 10028 63388886 510671906240 1241 45290
1526030684 9827 64563907 548460309003 1098 40162
1526030685 9383 62492318 566686605850 1227 64358
1526030686 10211 65527857 524330306937 1182 35447
1526030687 9944 64052622 497710274516 1217 35973
1526030688 10392 63968423 463451075143 1147 35632
1526030689 10053 63888431 480875814667 1191 36005
1526030690 10347 64109962 459010499318 1022 31088
1526030691 10033 64041930 497891253592 1223 41540
1526030692 10071 63856621 488126763041 1137 37226
1526030693 10379 64101203 461111625469 1134 34531
1526030694 9999 64022605 486137367357 1242 34015
1526030695 9977 64008696 550269954472 1159 41944
1526030696 9846 63989036 521058389576 1082 43992
1526030697 9824 63983720 492515292370 1139 38622
1526030698 10150 64038842 473966448232 1188 32879
1526030699 9713 63976015 521754721783 1145 42761
1526030700 9999 63943309 499517142655 1175 42494
1526030701 9929 64027201 484549889529 1092 34877
1526030702 9694 64019040 495375936022 1224 33184
1526030703 9922 64020292 506710256982 1167 43177
1526030704 9988 63944715 481353010611 1130 36909
1526030705 9984 64045745 496397205349 1122 42016
1526030706 9569 63946551 512310465295 1206 37907
1526030707 9950 64023117 486444054785 1112 35623
1526030708 10348 64012516 461577833860 1186 34411
1526030709 9770 64001299 519856240983 1128 43449
1526030710 9777 64026014 494123706112 1163 37097
1526030711 9675 63987038 494668374858 1162 32635
1526030712 10261 63982052 470973103496 1197 37627
1526030713 9786 64029415 493741470197 1156 34361
1526030714 9646 63983820 498109140686 1216 34136
1526030715 9648 64008769 675425590233 1126 82419
1526030716 9354 63974878 526651102742 1171 36618
1526030717 9661 63947705 497702246983 1131 35213
1526030718 9637 64045875 512225486395 1185 37879
1526030719 9628 64049411 506462219275 1047 37373
1526030720 9607 63927393 512056233857 1209 38005
1526030721 9710 64036652 504539638022 1246 39646
1526030722 10186 63976808 487421472264 1196 41264
1526030723 9584 64023270 517580672450 1124 38361
1526030724 9555 63997285 508863314317 1187 40102
1526030725 9130 63973618 589422661468 1139 53140
1526030726 9952 64042833 493565523271 1160 43232
1526030727 9293 63889444 517437848222 1059 36419
1526030728 9410 64076799 511860647289 1186 34297
1526030729 9368 64050039 527402288273 1227 39610
1526030730 9797 63999500 495062678354 1156 36396
1526030731 9379 63887919 516644774517 1141 39271
1526030732 9459 64066923 502990538071 1202 35688
1526030733 9420 63990262 511562712354 1228 39371
1526030734 9454 64005720 507865932864 1192 35293
1526030735 9396 64021610 527287326254 1085 42513
1526030736 9459 63983526 507330806346 1156 34968
1526030737 9591 64000970 516130595574 1147 42746
1526030738 9190 64021186 544160772410 1129 40338
1526030739 9250 63993590 507785796464 1192 28526
1526030740 9455 63976835 520149705479 1200 43106
1526030741 9189 64046950 542041596218 1237 39475
1526030742 9271 63946674 542372568270 1187 45880
1526030743 9232 63948296 538972771124 1227 40837
1526030744 9299 64067665 534341326177 1215 41756
1526030745 9391 64009715 486688356461 1272 23317
1526030746 9053 63970468 550299263840 1136 40686
1526030747 9352 64008943 526984587667 1188 43619
1526030748 9305 64011616 521248764858 1210 37128
1526030749 9328 64026272 530552185950 1115 39269
1526030750 8524 63919387 719601921829 1166 82610
1526030751 9460 64019160 521559725598 1196 45287
1526030752 9007 64077473 553873712601 1260 40041
1526030753 8903 63964074 564088994488 1271 41677
1526030754 9159 64004241 546339988189 1210 45352
1526030755 8908 64026662 646413089992 1223 62694
1526030756 9139 63916973 515368797679 1185 30667
1526030757 9516 62701077 452650469657 1033 18660
1526030758 9295 65304611 534352251335 1156 35792
1526030759 8938 64046531 542786176863 1273 35944
1526030760 8962 63969163 557140720267 1252 41401
1526030761 9183 63914744 525633174574 1205 38601
1526030762 8944 64102708 558379907694 1086 43317
1526030763 9150 63989386 541571907740 1289 38926
1526030764 8722 63992226 571496101802 1136 40481
1526030765 9127 64010641 554060094023 1171 46005
1526030766 8828 64026879 565719009683 1301 42073
1526030767 9300 62645670 463837198106 1191 27648
1526030768 9236 65328290 565601809548 1256 44135
1526030769 9163 64012693 527064466517 1223 35411
1526030770 8858 64001670 567380903348 1174 48437
1526030771 8952 64025615 535054779329 1244 34857
1526030772 8758 63978037 568106854589 1242 40961
1526030773 9112 63978905 544881254763 1188 44498
1526030774 8877 64002977 559106835495 1288 43234
1526030775 9028 64005125 528466929179 1188 35565
1526030776 8933 64038881 511725135361 1244 27192
1526030777 8632 63946246 566723681920 1133 42023
1526030778 9115 64005910 521469181038 1296 32402
1526030779 8939 64021662 542339625508 1216 38080
1526030780 8679 63977904 551544825880 1297 35271
1526030781 9027 64051705 530195458437 1114 35382
1526030782 8601 63979086 562710726186 1191 37570
1526030783 9019 64113537 540440717711 1173 37488
1526030784 8849 63856461 515526902333 1109 27376
1526030785 7865 63971604 887036140196 1277 102924
1526030786 8620 64015989 557443649619 1233 33293
1526030787 8635 63949168 558370861534 1270 35007
1526030788 8759 64022282 560320352502 1325 42744
1526030789 8870 64075389 548451298721 1241 36270
1526030790 9044 63991573 502029973781 1257 25092
1526030791 8578 63905190 569412013862 1134 38783
1526030792 9193 64084708 513702742550 1220 32418
1526030793 8705 63992660 558944515284 1276 37378
1526030794 8452 63958123 571694907457 1185 35998
1526030795 8751 64057641 564422485507 1275 44501
1526030796 8538 63905853 573349107879 1202 40273
1526030797 9310 63980703 485763527261 1137 24282
1526030798 8351 64119762 594901289728 1262 40923
1526030799 8539 63983514 572406621244 1304 39499
1526030800 8682 63983898 565059157122 1270 40549
1526030801 8800 64021524 548619609414 1201 36432
1526030802 8625 63997003 568106606683 1304 39327
1526030803 8975 63969835 505760355425 1143 30201
1526030804 8231 64019395 613810447945 1188 46977
1526030805 8661 63996402 559838239822 1274 37529
1526030806 8381 64033880 580957879480 1307 36890
1526030807 8626 63910567 559658493441 1168 37133
1526030808 8399 64061590 572426753170 1322 35582
1526030809 8987 63904545 502564751339 1113 25158
1526030810 8423 64112880 581979582192 1249 43261
1526030811 8428 64036515 578309855613 1159 37923
1526030812 8623 63921920 560003679482 1281 37000
1526030813 8649 64033901 565205040335 1153 40329
1526030814 8500 63848914 580505634514 1273 42917
1526030815 8380 64064590 610500786084 1242 51921
1526030816 8568 64104629 556518100339 1349 39746
1526030817 8173 63951841 610541457487 1358 145253
1526030818 8685 64017502 541822441788 1299 32413
1526030819 8409 62946560 526123796634 1243 23700
1526030820 7858 65033715 782846096059 1299 81119
1526030821 8445 64037256 591079149164 1249 44095
1526030822 8423 63899332 576811917040 1212 39500
1526030823 8505 64091189 576978125001 1316 40107
1526030824 8549 63924036 537170790764 1233 24437
1526030825 8371 64083027 580132514799 1318 37554
1526030826 8300 63939760 584405586658 1315 41270
1526030827 8376 64049696 598684957700 1170 47869
1526030828 8040 64024576 614583703490 1238 53262
1526030829 8754 63923397 521907449141 1269 23352
1526030830 8325 64031697 585396234573 1242 38528
1526030831 8149 63997465 595439590527 1148 41023
1526030832 8318 64001483 589278771751 1307 40523
1526030833 8510 64036833 561822491205 1313 38992
1526030834 8579 63915783 534688907463 1191 25045
1526030835 8412 64037535 578240627707 1207 36744
1526030836 7821 64028321 656760826385 1261 47515
1526030837 8356 63991774 584719477214 1328 39027
1526030838 8205 64016366 560652678880 1287 23012
1526030839 8293 63949271 600743678929 1209 45211
1526030840 8229 64038245 591558461301 1305 43148
1526030841 8097 63993988 605612882794 1266 44389
1526030842 8413 64015795 573856665931 1290 38794
1526030843 8526 63997705 535963077963 1261 24032
1526030844 8283 63990454 581153258356 1260 38316
1526030845 7640 63963358 727202978916 1375 60125
1526030846 8155 64030245 579356627527 1307 33314
1526030847 8411 63992497 546610946373 1270 25420
1526030848 8256 63983106 579296163192 1295 36530
1526030849 8236 63977828 586387070648 1161 39232
1526030850 8124 63949536 593112708136 1331 35647
1526030851 8345 64093747 579430691919 1212 36559
1526030852 8206 63924577 558323833583 1261 24601
1526030853 8140 64109901 594299972951 1205 40176
1526030854 8064 63914999 601053284967 1247 39351
1526030855 8145 61915918 554915727264 1311 40290
1526030856 7912 66090224 741562757054 1248 72069
1526030857 8307 64075479 582257789953 1342 38838
1526030858 8124 63989106 597425340052 1318 41793
1526030859 8134 63951150 589109548744 1273 42013
1526030860 7960 64065159 578572471029 1439 29939
1526030861 8184 63902694 592731914240 1202 38381
1526030862 7760 64061733 630234053121 1317 42099
1526030863 7946 63973959 632089196569 1282 49676
1526030864 7955 64035842 580316577430 1246 25548
1526030865 8084 63966056 638053511692 1362 50017
1526030866 7883 63934597 613828091489 1201 36803
1526030867 7918 62276463 550229815399 1276 26283
1526030868 8094 65789046 642254749376 1319 40092
1526030869 7876 64045951 615638111137 1291 40968
1526030870 7832 63858296 611624737388 1272 39052
1526030871 8038 64120494 572203777288 1339 25049
1526030872 7760 63947931 618533543615 1268 36872
1526030873 8337 64061894 584260180716 1253 40790
1526030874 8052 64004584 603199155310 1127 39227
1526030875 8080 63994618 570844749404 1277 34357
1526030876 7280 63950551 724123406915 1373 50505
1526030877 8067 64032298 598875183492 1280 38770
1526030878 7923 64005949 612573471827 1323 41025
1526030879 8174 63983682 558584652116 1350 29956
1526030880 7731 64030417 635054030691 1371 42636
1526030881 7944 63986611 605945741593 1301 38814
1526030882 8145 63999139 581283023275 1298 34616
1526030883 8027 63984660 570968693052 1265 36124
1526030884 7849 64014590 622861740752 1277 41393
1526030885 7788 63985141 620080223107 1313 47534
1526030886 7999 64033454 574286112098 1324 31406
1526030887 7984 63988907 606595061319 1264 39330
1526030888 7856 63984033 618941412509 1277 41292
1526030889 7873 63986242 616048396822 1346 40568
1526030890 7769 64015214 593765730434 1220 25557
1526030891 7465 64005525 764899236975 1223 75184
1526030892 7938 63893288 607083709528 1229 42040
1526030893 8029 64123534 572048276482 1225 25330
1526030894 7874 63947143 617471496459 1404 40839
1526030895 7831 63985187 620592357023 1273 40789
1526030896 7685 64026347 636588009705 1212 44708
1526030897 7916 64012358 577462967646 1324 24371
1526030898 7880 63966174 612807104554 1261 38807
1526030899 7595 64041197 649450090325 1359 43685
1526030900 8219 64026204 557618663540 1379 26292
1526030901 7781 63979075 637180129697 1209 51106
1526030902 7685 63992018 641097777338 1277 42430
1526030903 7444 63979791 656954826751 1261 43631
1526030904 8014 64019416 570857393298 1396 31613
1526030905 7446 63886954 668273478804 1402 46112
1526030906 7313 64125121 716526674855 1340 49998
1526030907 7942 63985939 575356445143 1284 27313
1526030908 8273 63993885 586206202419 1305 44550
1526030909 7470 63949142 651546753594 1301 39024
1526030910 8279 63384801 533320812475 1268 25076
1526030911 7297 64618223 698149292853 1297 47300
1526030912 8034 64030743 604412304953 1354 49768
1526030913 7664 64026399 633209460781 1196 42741
1526030914 7795 63809817 588150390793 1298 29028
1526030915 7403 64204377 662277880947 1445 40387
1526030916 7666 63977270 636462607458 1393 37475
1526030917 7526 64007525 618128844563 1380 27747
1526030918 8000 63992988 594862805636 1389 37060
1526030919 7624 64000544 647061804976 1299 45372
1526030920 7842 63870872 582761539402 1293 25626
1526030921 7683 64144142 637973200220 1412 48629
1526030922 7728 63954259 619671327371 1242 36525
1526030923 7452 64071080 654446946512 1329 42794
1526030924 7729 63960341 595992416175 1326 26095
1526030925 7953 64033402 601482587496 1295 40688
1526030926 6966 63812337 780957746807 1320 67057
1526030927 7674 64157283 603480910227 1329 43160
1526030928 7568 63989147 633939127735 1306 34797
1526030929 7541 63940950 639619741914 1302 44288
1526030930 7508 64074205 618940348445 1388 31288
1526030931 7566 63970620 640221923002 1343 39545
1526030932 7669 64015455 634008930541 1350 39048
1526030933 7482 64028788 618093915780 1390 24688
1526030934 7683 64027439 638207439303 1403 41820
1526030935 7421 63955035 645678851203 1314 36398
1526030936 7517 64048739 628974644555 1344 34139
1526030937 7448 63943599 655712108537 1375 48964
1526030938 7085 63979913 704312447887 1347 54342
1526030939 7797 64062352 585327357940 1440 30317
1526030940 7406 63952173 647841879701 1373 37012
1526030941 7589 64011751 636041191637 1424 38326
1526030942 7659 63912439 597114664017 1285 26859
1526030943 7333 64109397 667308198869 1452 40377
1526030944 7475 63973741 655214617103 1370 49206
1526030945 7828 63983407 584301260651 1345 24108
1526030946 7370 63982021 711932325513 1428 58528
1526030947 7344 64041791 668573439887 1347 42282
1526030948 7472 63847334 617541550714 1291 28374
1526030949 7670 64135836 636363233050 1351 40915
1526030950 7460 64008993 646608459701 1391 39115
1526030951 7476 63931353 617182857529 1335 24877
1526030952 7193 64069518 676970773636 1351 43547
1526030953 7420 64006518 647088011468 1401 38069
1526030954 7648 63929202 598263523750 1239 29807
1526030955 7422 64063386 651385870854 1270 42058
1526030956 7136 63955871 720907850631 1312 52590
1526030957 7558 64065522 607578163908 1327 26954
1526030958 7014 63836104 694271911258 1324 49932
1526030959 7298 64086400 669825641478 1378 42036
1526030960 7512 64066794 610992812288 1287 24709
1526030961 7430 63972815 654222840507 1409 47272
1526030962 7195 63942309 646069402651 1358 29458
1526030963 7618 64047255 627446020243 1325 43049
1526030964 6917 64030191 702804718127 1423 46405
1526030965 7476 64012190 614483678906 1339 34041
1526030966 7334 63991449 664735600301 1396 36347
1526030967 7392 63923403 663267744963 1391 41647
1526030968 7543 64067630 608944173158 1345 28275
1526030969 7730 64022805 610432384065 1359 36582
1526030970 6997 63981260 693055038416 1295 40685
1526030971 7446 64004783 615683325577 1308 27322
1526030972 7099 63881176 679367759412 1393 42931
1526030973 6913 64104937 716163575907 1297 47707
1526030974 7706 63977602 586349585266 1379 23860
1526030975 6836 64004656 703372004330 1370 39793
1526030976 7420 63976902 649675413030 1281 40242
1526030977 7509 64078657 612365786773 1323 30756
1526030978 7381 63960789 652213158755 1271 37802
1526030979 7874 64008908 572163227560 1329 23191
1526030980 7228 63985805 666375144891 1447 38619
1526030981 7054 63988027 689866733557 1358 42368
1526030982 7475 64034975 610883018151 1377 24650
1526030983 7276 64028152 672692016126 1378 42394
1526030984 7346 63939799 666221796111 1335 46462
1526030985 7343 63941824 625919208776 1338 29273
1526030986 7049 64085404 745087729148 1322 56396
1526030987 7084 64006373 678159985073 1335 40773
1526030988 7334 63897224 627352371840 1338 34553
1526030989 7213 64077934 667193714792 1354 42556
1526030990 7170 64010104 643366906456 1377 27096
1526030991 7023 63989076 700874770966 1324 41741
1526030992 7229 63977379 672750508691 1274 44362
1526030993 7346 64044005 625538472293 1392 26435
1526030994 7414 63926432 658687919148 1419 55554
1526030995 6946 64004320 702042780092 1489 45512
1526030996 7238 64047400 687564767188 1416 48440
1526030997 6969 63982332 713861703242 1491 53124
1526030998 7179 63984148 644614129788 1432 29138
1526030999 7034 64068293 707975461433 1182 49716
1526031000 7001 64000801 688019374143 1407 37357
1526031001 7624 63948412 594203161880 1416 26285
1526031002 6974 64035641 705671058189 1420 47411
1526031003 7265 63976943 672078996113 1311 44514
1526031004 7129 63866765 646950292223 1418 33642
1526031005 7317 64187255 663928686779 1379 44110
1526031006 7113 63880022 652741328900 1374 31860
1526031007 7157 64068872 670666795460 1357 43399
1526031008 7011 63967285 691359080969 1303 49826
1526031009 7716 63992021 585135869567 1381 27512
1526031010 6581 63951948 742315804646 1458 42902
1526031011 7094 64073450 652243755764 1379 31268
1526031012 7131 64029825 679535542221 1367 41489
1526031013 6948 63901874 704190343806 1406 48442
1526031014 7160 64070919 644842050925 1447 28337
1526031015 7071 63999897 681721994927 1409 42080
1526031016 7366 63943850 624791073608 1317 28163
1526031017 6727 64012279 728045466123 1370 45298
1526031018 6981 63976921 692110093749 1370 41060
1526031019 7785 64031083 573985570679 1329 23511
1526031020 7128 64050162 687740352308 1270 47081
1526031021 6701 63856895 833153704391 1387 74564
1526031022 6922 64217593 703138309765 1465 47884
1526031023 6908 63923780 709776154596 1354 46657
1526031024 7239 63910548 641039291442 1356 29984
1526031025 7413 64071810 652957488776 1403 40338
1526031026 6936 62404617 651531464715 1380 37389
1526031027 6883 65483913 744384753713 1353 47312
1526031028 6752 64121968 730340889682 1479 50764
1526031029 7042 63968215 653222582193 1290 34062
1526031030 6865 64042948 723769274922 1497 64580
1526031031 7175 63961516 645929697562 1421 27292
1526031032 6812 64017913 715700614873 1424 56941
1526031033 6975 64048179 691511624189 1440 44330
1526031034 7075 64021715 655192073019 1446 44878
1526031035 7309 63931665 667390404589 1297 45654
1526031036 6886 63914160 673939532280 1417 29954
1526031037 6856 64134719 708094470273 1411 47316
1526031038 6830 63949372 701983242148 1402 39444
1526031039 7666 63989036 585695787346 1471 25518
1526031040 6700 64039145 728583016933 1256 44120
1526031041 6724 63939048 693421262868 1415 36425
1526031042 7363 64012163 650472092541 1306 40771
1526031043 6712 64052016 716887895180 1405 40844
1526031044 7006 63935166 656443170992 1373 30396
1526031045 6678 63933588 725917312872 1371 40661
1526031046 6694 64131078 703108365388 1520 32593
1526031047 6871 63946051 704974912213 1507 39034
1526031048 7145 63987750 666555178508 1466 37957
1526031049 6810 63997740 687674437198 1468 37928
1526031050 6725 63990843 718458381111 1484 42738
1526031051 6934 64109916 672820469706 1459 30955
1526031052 6697 63909326 757843934802 1468 65505
1526031053 6955 64068123 665914240069 1442 30981
1526031054 7190 63922215 670026507815 1356 47601
1526031055 6687 64004010 717257755708 1384 44908
1526031056 6500 63987900 804638795124 1427 68657
1526031057 6542 63967674 736906550084 1425 37047
1526031058 6916 64047476 670516818126 1348 27882
1526031059 7052 64044610 677039345002 1347 40816
1526031060 7168 63928376 637847290702 1416 23501
1526031061 6541 63953743 756467613115 1301 48017
1526031062 6967 64058465 689633257053 1383 43559
1526031063 6956 64095471 666152693121 1463 27184
1526031064 6714 63926922 718523530816 1357 38401
1526031065 6851 64018088 673951326694 1314 28401
1526031066 6912 63947135 708520503823 1458 44558
1526031067 6842 64011727 681907039457 1380 32676
1526031068 6680 64067632 729374079310 1326 43489
1526031069 6565 63956144 733091392064 1526 38496
1526031070 6956 64030073 661718899919 1398 34556
1526031071 6697 63974588 722706577720 1306 42980
1526031072 6897 64000642 667485795050 1444 35799
1526031073 6482 64014225 752194336217 1338 45028
1526031074 6939 63891863 662234126011 1389 32531
1526031075 6534 64033376 749671454886 1416 45418
1526031076 6512 64061672 754367365542 1447 42276
1526031077 6340 64016931 1272922820577 1436 117829
1526031078 6756 64005217 714199323199 1311 44884
1526031079 6983 63984322 662251957074 1410 38765
1526031080 6704 64040699 722133767367 1330 44427
1526031081 6668 63938807 697939402287 1491 32732
1526031082 6527 63982748 739288664958 1452 44484
1526031083 6809 64061061 680171159617 1552 44369
1526031084 6645 63989144 721246873904 1502 38570
1526031085 6614 63999122 731137088114 1417 41788
1526031086 6635 63917224 708390777088 1487 37080
1526031087 6490 63989997 753714540207 1422 44777
1526031088 6768 64082368 682971534988 1494 27991
1526031089 6654 64022464 718070382264 1397 40143
1526031090 6745 63973996 684716907734 1309 31043
1526031091 6415 64045896 804802856234 1463 58387
1526031092 6640 63921028 724443934446 1467 42057
1526031093 6705 64015052 689616367358 1414 36689
1526031094 6475 63956357 747631800835 1502 46519
1526031095 7029 64092090 660106744670 1480 35734
1526031096 6443 63973995 770167590539 1477 52239
1526031097 6977 64032342 661797469826 1415 36011
1526031098 6843 63948902 701477999024 1275 43512
1526031099 6787 64021658 682426741310 1485 29994
1526031100 6526 63974332 741724709498 1483 44892
1526031101 6884 63977291 687386678683 1481 44514
1526031102 6718 64046833 688454964253 1324 30760
1526031103 6366 63996937 774875268409 1371 53265
1526031104 6820 64006466 678543277510 1428 31306
1526031105 6575 63878962 732177438210 1421 51861
1526031106 6573 63981579 704376953785 1505 33862
1526031107 6550 64122265 739158441783 1470 46818
1526031108 6664 63960290 692512361344 1455 25980
1526031109 6585 64048676 726457204548 1444 40453
1526031110 6499 62445389 676787696455 1451 34753
1526031111 6569 65614269 777600388173 1518 48563
1526031112 6497 63780384 737781204194 1269 42583
1526031113 6624 64118679 705816565235 1384 38189
1526031114 6392 64026287 766851341893 1280 49372
1526031115 6744 64012031 682469431943 1459 29693
1526031116 6643 64029952 724665258160 1351 44611
1526031117 6583 63880014 705114592602 1414 30833
1526031118 6283 64022370 784718741726 1423 45925
1526031119 6463 64009723 719546470777 1496 33143
1526031120 6537 64000404 736400642570 1582 42601
1526031121 6780 63951013 680061504429 1398 29125
1526031122 6486 64019128 750290094778 1479 47853
1526031123 6385 64037421 757008550775 1496 42573
1526031124 6533 63921941 715429212861 1478 34069
1526031125 6528 64149158 742211204388 1421 45864
1526031126 6307 63876002 749100506378 1380 38760
1526031127 6325 64070677 767956994885 1527 41453
1526031128 6833 64095630 675334021060 1380 33604
1526031129 6405 63899314 777479639302 1403 56245
1526031130 6705 64083180 687998561084 1403 29477
1526031131 6406 63945127 757475184761 1455 51462
1526031132 6484 63984161 715939749637 1452 36445
1526031133 6437 63839024 741992347550 1427 48029
1526031134 6240 64128864 753127367260 1506 37061
1526031135 6450 64027833 741163746919 1491 37937
1526031136 6908 63648291 648835844385 1463 26048
1526031137 6252 64382199 781331955445 1577 44073
1526031138 6397 63944803 760517028057 1434 48743
1526031139 6455 63888459 726968725481 1432 36785
1526031140 6405 64099333 752775781645 1448 43716
1526031141 6494 63949826 714299572202 1456 35372
1526031142 6366 64032187 756897764977 1430 43293
1526031143 6640 64092110 697478921360 1490 33542
1526031144 6825 63937948 699755185574 1399 42190
1526031145 6484 64060001 716756404293 1472 35421
1526031146 6361 64003791 760640643739 1458 47929
1526031147 6414 64043908 729429243484 1395 34713
1526031148 6661 63962076 710842079632 1390 38413
1526031149 6397 63890138 726578005734 1372 28293
1526031150 6479 64050792 754906313044 1504 46559
1526031151 6537 64022661 733473498113 1479 47113
1526031152 6852 63992682 667402882770 1517 30610
1526031153 6485 64049217 762781960919 1436 52906
1526031154 6295 63989789 739666399627 1527 36167
1526031155 6310 63889823 761823476357 1470 40928
1526031156 6136 64053662 828443811110 1425 62400
1526031157 6402 64027111 747980965989 1539 39594
1526031158 6318 63821413 733587359047 1458 33605
1526031159 6454 64185173 742149381527 1453 41985
1526031160 6470 64017547 722064848763 1412 29964
1526031161 6353 63951288 769761609280 1599 54551
1526031162 6400 63966246 728730131808 1514 38175
1526031163 6784 64107579 699617785747 1442 41622
1526031164 6640 63825744 690392257572 1491 34419
1526031165 6160 63993794 792193515738 1490 47402
1526031166 6405 64137157 761865966855 1523 43109
1526031167 6504 64021063 711584985115 1477 34455
1526031168 6277 64026965 769970434071 1556 41240
1526031169 6421 63896468 715147610512 1550 35411
1526031170 6179 64088931 777836134063 1422 42143
1526031171 6360 63992183 729254977037 1498 34516
1526031172 6273 64018812 772205282694 1530 51847
1526031173 6893 63906587 654285462133 1437 25943
1526031174 6218 64081252 779993262286 1540 45171
1526031175 6463 63747029 713349326013 1424 30834
1526031176 6181 64135133 785893145425 1445 44994
1526031177 6461 64023167 714379368373 1392 28712
1526031178 6136 64061323 787135486549 1510 41754
1526031179 6499 63974426 711703383014 1509 31551
1526031180 6464 63937279 734929065423 1420 43430
1526031181 6393 64068330 723056142686 1511 30352
1526031182 6177 63943988 781860530574 1533 43486
1526031183 6244 63992378 748990791746 1599 34261
1526031184 6398 64032902 752839075954 1599 44304
1526031185 6508 64040694 708379619650 1518 30268
1526031186 6340 64034350 759759487192 1501 43325
1526031187 6370 63924829 722488826313 1498 31112
1526031188 6198 64072271 780785271845 1431 47874
1526031189 6750 64016976 707405469012 1408 49123
1526031190 6248 63897171 741391551815 1448 40115
1526031191 6053 64014775 862873273227 1559 60980
1526031192 6371 64005937 728027593487 1478 35693
1526031193 6190 63895320 784607720824 1479 40625
1526031194 6083 64113857 769447947603 1387 31377
1526031195 6126 63924771 790334215521 1637 46151
1526031196 6067 64043504 780991644538 1523 36195
1526031197 6100 64054709 795925962659 1404 52310
1526031198 5957 64013407 953889163861 1508 83178
1526031199 6072 62364744 720046069408 1593 32483
1526031200 6300 65657307 801471884675 1568 42247
1526031201 6772 64043394 697639915026 1508 44904
1526031202 6160 63742281 757695849423 1487 35269
1526031203 6033 64044021 802400726231 1521 49357
1526031204 6371 64149035 734602854367 1543 44124
1526031205 6290 64006339 761790094059 1528 44883
1526031206 6724 63954173 674007239405 1472 25965
1526031207 6133 63983194 814886901676 1465 55346
1526031208 6052 63912530 770260562298 1511 34323
1526031209 5949 64106548 824969815362 1649 49694
1526031210 6748 63947064 672562944266 1347 31365
1526031211 6058 64096350 799939568024 1483 45908
1526031212 6209 63988469 746385444663 1399 36307
1526031213 6124 63966204 783002186094 1522 44054
1526031214 6264 64008640 737185552912 1426 34601
1526031215 6108 64000945 798772172401 1566 53164
1526031216 6358 63932078 725570076048 1471 32856
1526031217 6088 64075837 794880294025 1478 44674
1526031218 6335 64044342 730429462300 1466 31997
1526031219 6242 63895909 775986293121 1684 42690
1526031220 6305 64094003 742724859447 1431 31082
1526031221 6177 64014030 773690998902 1499 41288
1526031222 6160 63936307 760411816165 1460 48688
1526031223 6156 64081017 791869704693 1576 49650
1526031224 6176 63936492 753878177738 1559 43060
1526031225 6133 63962426 801712601322 1566 48959
1526031226 6097 63988410 861235910816 1505 75298
1526031227 6319 63960174 755564515794 1385 46035
1526031228 6329 64137337 733899927047 1466 37450
1526031229 6574 63905554 722836692622 1482 47888
1526031230 6054 64072712 773486099752 1567 32473
1526031231 5947 63818987 803458118165 1421 49591
1526031232 6040 64141102 773217510520 1599 36180
1526031233 6083 64007028 794182603724 1471 42884
1526031234 6092 63979915 760916849601 1472 29675
1526031235 6530 64106534 723474324136 1495 41223
1526031236 6132 63878239 759356910725 1504 36742
1526031237 6028 63875220 768860503804 1608 34406
1526031238 6206 64173986 773601978148 1447 40917
1526031239 6101 64058058 761942389160 1490 41390
1526031240 6037 63941344 795735361740 1579 40514
1526031241 6471 64012391 704685808733 1551 32438
1526031242 5825 63985065 827890719945 1389 51824
1526031243 6190 63981315 750000428227 1488 40600
1526031244 5916 64010591 820771344843 1343 44583
1526031245 6079 63951403 763403785203 1637 95985
1526031246 6013 64086335 812832765459 1450 50809
1526031247 6214 63968418 749999543730 1491 33799
1526031248 5836 63954934 845851479650 1550 49213
1526031249 6035 64086689 770174499281 1414 33787
1526031250 5984 63990629 803673669959 1480 44139
1526031251 6418 63921910 712230464376 1577 33304
1526031252 5829 63910381 844079605647 1398 49307
1526031253 5952 63998122 782186652442 1602 33088
1526031254 5945 63948632 806360069056 1512 42180
1526031255 6225 64169762 742547510144 1620 36368
1526031256 6052 64036287 791034273285 1494 40144
1526031257 6516 63919879 700781579185 1471 36710
1526031258 5710 63983551 838754052553 1580 38996
1526031259 6346 64065535 720253113499 1571 35042
1526031260 6312 63939696 752003113996 1559 47356
1526031261 5670 63302161 866550024435 1528 59993
1526031262 5851 64752853 891197167927 1463 72946
1526031263 5921 64012035 780532835303 1473 41937
1526031264 6275 63905066 766787775672 1558 49321
1526031265 6048 64056078 769238002130 1578 33715
1526031266 5860 63976364 802515115668 1428 43685
1526031267 6352 64030939 749959080085 1602 43153
1526031268 5967 64033466 778345509752 1498 40231
1526031269 5836 64010223 818586353339 1746 44086
1526031270 6145 63992039 756165635935 1468 36220
1526031271 5923 64033319 813343466385 1550 45918
1526031272 6139 63774978 750546486688 1506 36197
1526031273 5525 64027958 870177754484 1498 42441
1526031274 5921 64171324 795243038678 1444 40513
1526031275 5879 64024429 817016110197 1518 52602
1526031276 6151 63973363 749452044311 1617 32263
1526031277 6436 64021578 734554891622 1548 42211
1526031278 6010 63908297 770965360115 1498 29627
1526031279 5714 63910253 841923560447 1640 43952
1526031280 6237 64072821 742378032301 1480 36919
1526031281 5875 64098011 821051791105 1453 49015
1526031282 5965 63904122 779593440198 1404 39535
1526031283 5794 64029095 831109528015 1523 40148
1526031284 6087 64043667 757784312119 1420 29565
1526031285 5914 64105674 818170168942 1485 47059
1526031286 6135 63852644 746592546694 1557 33179
1526031287 6210 64018979 736121510485 1597 27735
1526031288 5718 63912016 843972711146 1527 45240
1526031289 6006 64012105 771525501093 1501 38316
1526031290 5798 63954322 834667993642 1565 43195
1526031291 5798 64010976 809084927906 1641 47899
1526031292 6177 64194960 766420129872 1578 46476
1526031293 6156 63813432 750329608810 1488 40234
1526031294 5649 64063948 855929092904 1568 49329
1526031295 5925 64105053 788443990409 1550 32163
1526031296 6218 63954761 755456057363 1575 38482
1526031297 5638 63980916 850526558582 1527 52532
1526031298 5824 63994758 828606082344 1548 45144
1526031299 5844 64023507 803512728455 1559 41742
1526031300 5771 63986622 808156976264 1609 36908
1526031301 5726 64043398 846622093954 1562 45488
1526031302 5909 63978629 786538056789 1495 44582
1526031303 5757 64000190 833341988462 1521 48529
1526031304 5998 64028316 768668549838 1561 30483
1526031305 5770 63973000 844994524052 1586 49487
1526031306 6074 63882179 755386214115 1480 36532
1526031307 5841 64114476 819243126506 1678 45103
1526031308 5770 63828363 808500716399 1539 37997
1526031309 5637 64112219 870852981569 1515 51350
1526031310 5813 64049006 804472189446 1560 40218
1526031311 5753 64001930 828676336402 1543 50918
1526031312 5904 64026389 787803597419 1565 37254
1526031313 5830 63966469 798942049497 1590 36609
1526031314 6220 63995851 762539720907 1511 45763
1526031315 5818 64051780 806754154708 1396 39273
1526031316 6251 63915039 758022438221 1429 46029
1526031317 5776 63952723 808587888189 1603 41845
1526031318 5765 64179740 838107424138 1566 46414
1526031319 6246 63904150 730123403668 1462 31097
1526031320 5616 64047942 854362479442 1571 46840
1526031321 5843 63919171 790828922141 1699 36188
1526031322 5728 63992753 843094797061 1561 46216
1526031323 5829 64043636 802517528768 1501 43709
1526031324 5619 63914546 858461854910 1537 48960
1526031325 5511 63898667 859096650967 1597 68891
1526031326 5915 64108942 788512393244 1425 37398
1526031327 5787 63950239 829886473033 1712 59710
1526031328 5899 64089856 792098797402 1539 40464
1526031329 5769 63966214 823649693744 1584 43703
1526031330 5905 64053093 792896361119 1563 41846
1526031331 5603 63934580 850919826322 1557 41306
1526031332 5506 63996251 909728330609 1529 60655
1526031333 5606 64091667 868289297279 1596 55349
1526031334 6348 64003074 706846798070 1629 27575
1526031335 6189 63914717 735794779787 1517 36348
1526031336 5405 64103145 893647319111 1691 49400
1526031337 5829 63979684 795734193802 1741 38274
1526031338 6028 63933717 787507660895 1483 42479
1526031339 5774 64046368 812192230506 1613 35876
1526031340 6322 64053894 735855045460 1539 61095
1526031341 5584 63947931 839665689795 1486 42323
1526031342 5669 63976274 850654025952 1540 43552
1526031343 5760 64073937 810510845295 1626 39395
1526031344 5619 64025157 858264701095 1658 43167
1526031345 5843 63952951 791664711065 1611 40969
1526031346 6104 63951135 766718340391 1609 43089
1526031347 5704 64088588 822841609000 1661 34091
1526031348 5826 63948072 794885796112 1535 41043
1526031349 5657 64002911 851306527965 1597 43633
1526031350 5749 63937858 802333136120 1546 32426
1526031351 5498 64028893 871578391533 1523 42157
1526031352 5783 64030013 806177607373 1450 39109
1526031353 5616 64012387 857641085965 1574 43682
1526031354 5779 63970615 804080160813 1598 34941
1526031355 5698 64009554 844984453958 1538 52015
1526031356 5772 64007923 809108228019 1511 35990
1526031357 5865 63889643 787201139641 1626 40315
1526031358 5769 64137746 827688843368 1515 45042
1526031359 5644 63889753 820525147597 1558 32974
1526031360 5979 64042709 796964016723 1600 48388
1526031361 5755 63941034 803020293368 1596 30090
1526031362 5621 64154639 853453978389 1644 44030
1526031363 5845 63904793 786194636565 1695 32011
1526031364 5588 63917529 863108216875 1656 46679
1526031365 5749 64150437 810812547177 1650 39173
1526031366 6035 63876411 758859489623 1502 38712
1526031367 5481 64142317 941355561591 1511 57670
1526031368 5899 63946906 782148195228 1605 33869
1526031369 5480 63996857 883440971327 1530 47600
1526031370 5662 64008406 824376261802 1518 38500
1526031371 5504 63970609 868646541391 1557 43545
1526031372 5680 64052547 828393058099 1571 38045
1526031373 5620 64025024 830534981204 1597 45571
1526031374 5351 63955943 904021982417 1677 48309
1526031375 5750 64016238 806532435854 1456 40615
1526031376 5580 63982734 857532624260 1596 45050
1526031377 5757 63998073 814975882061 1556 35752
1526031378 5565 63910611 865289262755 1662 46997
1526031379 5846 64122085 791591886917 1552 36071
1526031380 5556 63974393 848329227035 1648 36903
1526031381 5459 64036810 882882023948 1703 45642
1526031382 5619 63952879 831796354063 1662 40520
1526031383 5546 63975726 858903765924 1626 41001
1526031384 5747 63993303 808162673367 1563 33417
1526031385 6099 64038980 772820563040 1432 46386
1526031386 6119 63991471 744162930249 1570 33010
1526031387 5470 63947409 881234290647 1533 47231
1526031388 5488 64080436 856079962446 1657 42021
1526031389 5657 63903434 817075949830 1527 42923
1526031390 5532 64047097 867286876801 1634 46807
1526031391 5704 64010971 817364843203 1626 33067
1526031392 5486 63949740 888504681364 1550 49672
1526031393 6219 64085123 728020559835 1584 32979
1526031394 5377 63995502 904800879016 1532 56887
1526031395 5695 64007303 818559798115 1628 40173
1526031396 6023 63964350 780212968696 1570 42223
1526031397 5553 64006806 844702198160 1617 40335
1526031398 5567 63997169 835240533751 1668 39586
1526031399 5540 63899731 862330087997 1603 44495
1526031400 5668 64127097 824750551493 1704 37543
1526031401 5369 64033643 903437021413 1648 52488
1526031402 5262 63927930 986994538526 1662 66469
1526031403 5604 64001660 827981949988 1604 39334
1526031404 5299 64023272 913444035412 1628 62973
1526031405 6028 63909571 751469735825 1601 41843
1526031406 5281 64088685 935935476515 1661 55869
1526031407 5970 63960851 767234199697 1507 37215
1526031408 5440 64082353 889073487123 1648 56192
1526031409 5553 63963203 840695720831 1724 42224
1526031410 5582 63766659 829948582835 1653 57273
1526031411 5912 64219428 800589270896 1643 45853
1526031412 5559 63914508 836478315116 1371 41459
1526031413 5300 64139689 920658486581 1458 49844
1526031414 5507 63850772 846183672014 1530 49702
1526031415 5449 63970945 885802231947 1618 49565
1526031416 5622 64138332 830112246970 1710 38592
1526031417 5594 63960296 836099002422 1597 42187
1526031418 5069 63888159 1271610909663 1455 100268
1526031419 5554 64119102 839516478112 1454 40713
1526031420 5679 63894363 837133617857 1537 46221
1526031421 5427 64045950 863191727880 1613 47211
1526031422 5485 63856817 867940939651 1548 47594
1526031423 5463 64095786 865401353850 1638 49101
1526031424 5627 64064665 822247019675 1557 33094
1526031425 5750 63959946 827035776518 1621 48141
1526031426 5464 64088930 858266076690 1543 38294
1526031427 5365 64011135 897316046881 1574 48112
1526031428 5457 64002252 854483155182 1524 36620
1526031429 5474 63940174 845590606946 1735 36612
1526031430 5733 63951987 834209492023 1571 47850
1526031431 5787 64126826 799652982390 1545 35503
1526031432 5474 63918896 876049446530 1471 48037
1526031433 5360 63946885 868919985921 1527 33225
1526031434 5444 63976703 883293224133 1678 46177
1526031435 5521 64061721 850176223637 1690 43719
1526031436 4615 63990229 3116772200483 1510 237410
1526031437 5282 64072909 921513241419 1643 50091
1526031438 5502 63983486 846560558772 1579 37938
1526031439 5387 64103388 902959871586 1567 51112
1526031440 5480 63896547 850936535459 1657 40322
1526031441 5533 63137695 818259330067 1568 40021
1526031442 5597 64773340 884565476252 1603 45135
1526031443 5696 64038357 813434998307 1618 35153
1526031444 5408 64079298 896439435288 1578 55046
1526031445 5653 63963628 823447196528 1658 35001
1526031446 5791 64039906 822222384686 1605 52681
1526031447 5374 63920201 877394158115 1590 40479
1526031448 5355 63999072 870275514812 1635 37723
1526031449 5273 64038486 911545212582 1807 44700
1526031450 5925 64044014 764769539440 1609 29631
1526031451 5266 63976573 912300486599 1619 50328
1526031452 6042 64039040 760357627382 1490 32690
1526031453 5295 63978083 911458297027 1584 42808
1526031454 5631 63836431 814953268915 1654 34233
1526031455 5366 63955616 874536095086 1624 42674
1526031456 5335 64037316 909604543700 1596 49836
1526031457 5568 64177812 838429054306 1634 36510
1526031458 5237 63836731 916838076903 1637 50210
1526031459 5382 64110520 871914124826 1604 40197
1526031460 5701 63266988 793155980030 1697 48811
1526031461 5830 64604476 822923998382 1600 44744
1526031462 5514 64113386 843709619504 1737 36945
1526031463 5271 63968800 908855660544 1650 54984
1526031464 5444 64049826 860840143948 1836 38676
1526031465 5363 64066080 896672272952 1655 43924
1526031466 5337 63970789 875666694959 1700 44414
1526031467 5504 63998881 842798946287 1658 38906
1526031468 5836 64030625 818901668407 1651 46718
1526031469 5255 63963039 893275116853 1653 37090
1526031470 5263 64054917 938676937309 1697 61649
1526031471 5604 63980630 828130013862 1636 35321
1526031472 5575 63964182 877924334240 1653 58000
1526031473 5207 64042141 942547458319 1634 61134
1526031474 5542 63943229 837918715669 1451 37543
1526031475 5177 63893817 938390614995 1714 53730
1526031476 5367 64092325 877867627105 1628 37956
1526031477 5312 63951625 873217505125 1629 35594
1526031478 5271 64026511 910423204901 1552 41365
1526031479 5451 63989395 857136369099 1611 42828
1526031480 5344 63822023 885948424227 1658 48028
1526031481 5355 64209305 877676306583 1734 41398
1526031482 5447 63909215 853905621443 1535 35378
1526031483 5343 63981321 891439544539 1813 52098
1526031484 5566 64076614 834527537842 1610 42055
1526031485 5367 64121598 899383716554 1741 47025
1526031486 5490 63896809 837392193049 1433 36855
1526031487 5291 63770923 906535383993 1631 47238
1526031488 5443 64130891 866409854327 1613 57011
1526031489 5482 64171452 851431770020 1492 39989
1526031490 5402 63878342 893375580414 1544 50561
1526031491 5973 64086569 760570648153 1568 34747
1526031492 5576 64000055 869911278407 1412 52099
1526031493 5111 64044339 920720376907 1698 40580
1526031494 5727 63942090 803568672626 1629 34468
1526031495 5187 63935223 935607677245 1654 53786
1526031496 5299 63797399 876543398569 1751 43496
1526031497 5226 64195228 918902781374 1723 41451
1526031498 5380 63981410 865273533862 1618 39578
1526031499 5290 64119833 890689822427 1685 37722
1526031500 5138 63973684 934277826308 1747 45538
1526031501 5361 63988017 876122942339 1602 58601
1526031502 5344 63995134 905895089958 1498 52505
1526031503 5551 63945241 830655333321 1591 38828
1526031504 5380 63999137 902939008519 1648 51669
1526031505 5339 64094432 871965169260 1584 39232
1526031506 5266 63883004 886812839404 1640 48253
1526031507 5317 64069549 963424213695 1580 62807
1526031508 5125 64069265 917366742021 1714 43524
1526031509 5316 63991465 908958360277 1572 49751
1526031510 5398 63888023 855892662347 1639 34788
1526031511 5254 64097054 898357883342 1472 51707
1526031512 5253 63977483 921892516799 1609 46687
1526031513 5402 63953937 856121058731 1578 34247
1526031514 5555 64016608 853401697114 1615 56126
1526031515 5332 64079014 874269865048 1605 41102
1526031516 5754 63895916 785222155208 1636 31916
1526031517 5205 64040738 934384776430 1697 49236
1526031518 5305 63981758 874825576958 1524 36981
1526031519 5108 64066947 949323102811 1741 48115
1526031520 5774 63965065 790324982447 1620 35942
1526031521 5347 63972041 871673389247 1743 39212
1526031522 5256 64068059 933642699721 1631 58340
1526031523 5179 63938222 899029068744 1741 39164
1526031524 5052 63995434 957059828484 1644 52358
1526031525 5275 64052805 894568444113 1696 59713
1526031526 5834 63993555 771499996315 1593 35371
1526031527 5631 63915119 827593091395 1740 42417
1526031528 5600 64094762 826543195200 1612 39306
1526031529 5171 63934182 928313254440 1518 48573
1526031530 5314 64030741 879838239407 1661 38214
1526031531 5292 63976092 878401571038 1624 44524
1526031532 5078 64065801 965432757951 1692 55189
1526031533 5487 63837424 833250553556 1696 41203
1526031534 5231 64040751 919625725699 1787 48340
1526031535 5380 64187850 866356815760 1744 40576
1526031536 5309 63896934 875501749466 1695 47489
1526031537 5249 64011179 912072087795 1628 55813
1526031538 5503 63830444 827302106642 1668 42722
1526031539 5252 64214127 950155303197 1573 66712
1526031540 5309 63902175 883390305645 1619 39628
1526031541 5054 64036778 930366856014 1783 44072
1526031542 4974 63980823 1045327132867 1634 69662
1526031543 5877 64078388 768603624358 1613 54402
1526031544 5591 63938657 865635594813 1568 54914
1526031545 4963 63964101 953671933863 1690 39733
1526031546 5286 64056280 884186783686 1688 39534
1526031547 5466 63971786 865560675822 1667 49954
1526031548 5227 64010477 905673606413 1476 42117
1526031549 5201 64011818 935862697446 1549 51667
1526031550 5560 63993191 821209056967 1634 37429
1526031551 5117 63990649 918027312615 1656 38023
1526031552 5076 63981421 965036705509 1743 53620
1526031553 5254 64052009 889031603543 1675 46057
1526031554 5077 63969624 956746873036 1614 51270
1526031555 5485 64038856 835247352530 1725 31365
1526031556 5227 63965744 886238134906 1694 39587
1526031557 4977 63988755 984043213289 1668 58833
1526031558 5220 64000506 891799730224 1873 39074
1526031559 5626 63971014 803859538162 1657 41047
1526031560 5355 63987059 893121217745 1552 41034
1526031561 5064 64039265 932820498233 1606 40377
1526031562 5481 64071860 882319053558 1661 50569
1526031563 5105 63869408 914103952174 1531 42253
1526031564 5539 64029493 829766089279 1682 43779
1526031565 5436 64055757 892551421717 1580 51536
1526031566 5387 63979330 856601928006 1629 34903
1526031567 5263 63861787 912377822741 1726 48357
1526031568 5317 64068225 874437063487 1591 40399
1526031569 5264 64043136 885696694596 1768 42426
1526031570 5056 63954670 966593148124 1687 56317
1526031571 5189 64029046 898748483074 1780 38408
1526031572 5082 64024461 947398470477 1653 48681
1526031573 5327 63948928 873445796970 1631 57827
1526031574 5280 63845275 874984770767 1630 38711
1526031575 5098 64184600 951850481318 1638 51402
1526031576 5262 63996505 891428714819 1687 43267
1526031577 4847 63987728 1058614093570 1721 70515
1526031578 5443 64058741 845139353535 1675 40965
1526031579 5128 64016156 916114204772 1633 40433
1526031580 5013 64047467 988490162821 1720 59741
1526031581 5829 63985453 766643366929 1608 31152
1526031582 5483 63846124 860762551468 1537 49412
1526031583 4895 64108249 965151874491 1834 42388
1526031584 5205 63983356 894668875224 1669 41185
1526031585 5054 64067979 952918291937 1667 45632
1526031586 5348 63820563 847857041623 1634 37063
1526031587 5305 64111277 876623174409 1657 35003
1526031588 5143 64006891 920627105351 1695 42205
1526031589 5033 63928159 930500290121 1861 42382
1526031590 5406 64118303 874623865501 1594 56652
1526031591 4946 63998530 953946716708 1605 51618
1526031592 5240 63752209 880911369105 1790 37196
1526031593 5342 64213029 899776154267 1626 51410
1526031594 5195 63980605 900687353933 1736 37831
1526031595 4775 64045242 1020732621092 1604 56981
1526031596 5106 63974626 913116064876 1661 42906
1526031597 5399 63862610 845323536488 1659 39734
1526031598 5062 64144792 963956571024 1589 47103
1526031599 5708 63953051 787905992129 1505 32090
1526031600 4984 64102561 942614052483 1744 38928
1526031601 4923 63892395 978802131927 1744 54656
1526031602 5254 64092547 890664054317 1719 39830
1526031603 5338 63922533 902838327513 1611 54731
1526031604 5122 64018129 916032189681 1630 41676
1526031605 5023 63992280 923879944780 1840 36707
1526031606 4852 63880760 986982688938 1782 50580
1526031607 5075 64078725 923585773495 1661 58176
1526031608 5163 63855877 893773242089 1635 40257
1526031609 5149 64192992 941466372902 1714 50232
1526031610 5099 63982220 909250956466 1659 37082
1526031611 4949 64078129 973241657445 1700 47487
1526031612 5031 63976424 986299144610 1635 59245
1526031613 4965 63902159 942470787691 1726 46607
1526031614 5159 63898017 930986958399 1596 52972
1526031615 5248 64178430 888119065276 1616 34603
1526031616 4876 64048743 990744452555 1709 50045
1526031617 4998 63942493 937603814479 1808 47825
1526031618 5121 64026583 918716904513 1697 39789
1526031619 4977 64025216 974830995310 1725 49864
1526031620 5343 63768474 856738900288 1661 40946
1526031621 5400 64154976 854683014590 1758 36800
1526031622 5028 64010081 974759850421 1685 58409
1526031623 4997 64021636 929450273608 1747 37496
1526031624 4861 64007325 989320719477 1725 52161
1526031625 5585 63993468 816796462120 1706 32044
1526031626 4895 63988096 963251765896 1605 40257
1526031627 5387 63912999 867834281337 1606 46464
1526031628 4936 64063765 954909867845 1720 42965
1526031629 5092 64052357 922176668829 1761 40974
1526031630 5026 63852928 952709186696 1747 52550
1526031631 5239 63955552 878402709578 1755 36427
1526031632 5038 64010703 975103852261 1855 67359
1526031633 5141 64045861 908776288431 1775 57431
1526031634 5002 64028694 933895041008 1744 50355
1526031635 4852 64092805 1001418926215 1867 50413
1526031636 4989 63998597 936158324699 1754 36780
1526031637 5575 63999267 806702425491 1554 32500
1526031638 5143 63799957 937442638641 1605 53512
1526031639 5048 64088062 927692878124 1845 42609
1526031640 4936 64079497 988620792919 1791 54707
1526031641 4898 63988054 956716618306 1548 39508
1526031642 5089 64033833 915700612691 1687 37533
1526031643 5434 63986244 876091981408 1654 52085
1526031644 5123 63925205 920435004285 1633 43385
1526031645 5081 63803988 908363257608 1712 39507
1526031646 5086 64247497 964055317347 1846 54177
1526031647 4908 64041869 997810569933 1938 58138
1526031648 4870 63929971 996923040947 1661 50217
1526031649 5666 64008879 793454470221 1813 31090
1526031650 5476 63932964 826531328420 1669 32839
1526031651 4526 64097090 1088470303988 1727 56246
1526031652 5079 63972275 919984411271 1745 41651
1526031653 5232 63962589 883695814917 1671 33919
1526031654 4866 64044111 1002089776413 1822 63628
1526031655 4986 63950523 933732504623 1749 41367
1526031656 4965 64011836 944339630098 1854 41763
1526031657 4865 64134006 994127781178 1786 56259
1526031658 5140 63963456 907872892534 1686 40231
1526031659 4771 63980746 1011173894566 1715 52029
1526031660 4932 64017814 951129809780 1696 43770
1526031661 5092 63921372 918352600166 1677 48527
1526031662 5013 63948651 946890680177 1643 46592
1526031663 4998 64085291 934783087167 1825 37459
1526031664 5014 64031487 932470580909 1724 52567
1526031665 5158 64002850 927001046058 1759 56801
1526031666 4992 64027748 938070669428 1786 43094
1526031667 4805 64024620 1009571129688 1763 50738
1526031668 5277 63959396 875470489630 1650 40872
1526031669 5241 64013720 876135696048 1775 42114
1526031670 4796 63990823 993776749213 1785 44623
1526031671 4930 63917204 953459387410 1850 44519
1526031672 5502 64064284 825075454712 1621 31032
1526031673 4955 63854579 973933852927 1566 53110
1526031674 5095 64051805 905689096845 1798 36208
1526031675 5017 64054342 932933734258 1765 47275
1526031676 4715 64014983 1031800120463 1720 53036
1526031677 4742 64068129 992785322011 1855 50720
1526031678 4825 63991459 997250793199 1828 48158
1526031679 5038 63853552 917795333726 1657 39178
1526031680 5298 64113861 867864628157 1482 38737
1526031681 5062 63898008 942926631396 1752 53334
1526031682 4760 64050016 1065006126320 1838 73338
1526031683 4973 64053205 940433220611 1774 44179
1526031684 4800 63996364 1003206019872 1749 56925
1526031685 5382 64013043 845779292627 1554 36106
1526031686 4823 63973588 971700450176 1724 45439
1526031687 4833 64074234 992791633862 1717 43854
1526031688 4882 63931677 961960684885 1629 49685
1526031689 5250 63921224 892557935180 1747 40808
1526031690 4715 64015172 996611776504 1768 44574
1526031691 4903 64075676 955184421218 1776 37621
1526031692 4775 63966043 1019293794381 1855 62203
1526031693 4843 63924927 964651119187 1897 44461
1526031694 4889 63927806 954494360722 1761 39109
1526031695 4893 63993112 977144912138 1835 48386
1526031696 5013 64010428 925203276678 1738 39762
1526031697 4963 64149264 949748676654 1677 54143
1526031698 4749 64021239 1026903192517 1809 53464
1526031699 4778 63966792 978616940694 1751 49763
1526031700 4752 64020164 1033178007264 1695 60891
1526031701 5047 63844105 907427650421 1805 52246
1526031702 5062 64221434 917638484680 1844 44783
1526031703 4809 63898858 1001941995084 1721 52584
1526031704 5263 64093454 871069057710 1759 37623
1526031705 5096 63783179 904331286199 1678 43633
1526031706 4757 64065314 1002509431986 1715 68611
1526031707 5045 64067047 926577764539 1777 48122
1526031708 5303 64000757 861653326717 1651 33430
1526031709 4649 63949163 1038789135423 1821 51916
1526031710 4880 64157982 960448370106 1877 46356
1526031711 4802 63968136 982730774718 1823 47827
1526031712 5131 63836314 923043968394 1733 50769
1526031713 4306 63985110 1090803250264 1988 40255
1526031714 4713 63967986 1038327111712 1872 63794
1526031715 5167 63955248 892213006142 1709 43526
1526031716 4940 64191042 948496146476 1708 35695
1526031717 4929 63966237 1030200671019 1698 62413
1526031718 4877 63998417 962400544955 1881 46822
1526031719 4926 64036887 949762684937 1637 41475
1526031720 4663 63980495 1039341638431 1663 54511
1526031721 4779 63997349 977185416255 1865 66376
1526031722 4758 64088859 987593946679 1918 49429
1526031723 4660 63910346 1042034681224 1727 53893
1526031724 5328 64038259 855150859409 1795 40576
1526031725 4779 63840855 990237394855 1708 51480
1526031726 4809 63993037 1010329499241 1632 53892
1526031727 5125 64255632 903450994266 1801 42521
1526031728 5116 63799799 916094246203 1773 53559
1526031729 4752 64149134 990819460446 1698 47569
1526031730 4815 63931782 971909860752 1707 43736
1526031731 5076 63978801 936618215997 1720 51051
1526031732 4757 63891156 981666511776 1710 45157
1526031733 5252 64209203 878531878147 1607 39194
1526031734 4572 63924289 1068296301461 1918 62928
1526031735 4827 64037516 969017570010 1590 47055
1526031736 4745 63992403 980698293723 1751 36183
1526031737 4847 63961782 1002380435994 1805 58752
1526031738 4991 63964084 922711777804 1836 45921
1526031739 4784 64052159 976734073343 1953 43203
1526031740 4871 63980019 983376670851 1703 48525
1526031741 5053 64039022 915552067096 1717 46059
1526031742 4634 63992033 1062358892395 1779 56723
1526031743 4849 64027882 962302056538 1918 48888
1526031744 5148 63978689 889802441041 1669 40463
1526031745 4742 63835813 1002564287901 1876 57542
1526031746 5121 64218991 901700708009 1809 48347
1526031747 5500 63986917 822839631783 1575 39054
1526031748 4751 63756184 1003339405672 1698 50233
1526031749 5067 64186345 912243504007 1886 36382
1526031750 4836 64041821 968617519613 1614 50623
1526031751 4600 63992676 1039594533596 1725 49342
1526031752 4752 63212915 960899931035 1779 53309
1526031753 5071 64740062 979027889506 1682 60087
1526031754 4908 64046535 977740702937 1683 59323
1526031755 4926 63857161 940790969079 1701 56603
1526031756 4661 64162572 1028005212322 1893 50822
1526031757 4996 63958048 932771441030 1772 42799
1526031758 5345 63913529 847184738179 1843 44262
1526031759 4490 63934960 1095279023944 1694 56472
1526031760 4893 64053970 950242615376 1845 46307
1526031761 5106 64052435 897865220997 1793 34886
1526031762 4625 63976880 1041165322994 1738 50132
1526031763 4703 64082125 1005707026277 1717 46650
1526031764 5073 63936794 915048136894 1793 45493
1526031765 5035 64081774 940544668286 1561 49489
1526031766 5004 63891613 919851476297 1736 44816
1526031767 5034 64039281 918417841189 1820 42766
1526031768 4662 64000696 1030028857200 1722 48975
1526031769 4711 64024935 999273406001 1889 59455
1526031770 5056 64044145 941177109827 1754 48677
1526031771 4887 63853796 958398728758 1750 51835
1526031772 5099 64091757 898627058781 1715 45602
1526031773 4536 63855874 1074846556922 1822 54388
1526031774 4774 64112102 982047304900 1790 41535
1526031775 5008 64028892 922332049976 1817 40931
1526031776 4703 64012225 1018589089379 1768 61053
1526031777 4628 63984212 1024836789462 1933 50658
1526031778 4817 63954427 963816350385 1832 48573
1526031779 4919 63939654 972017348476 1930 55055
1526031780 5015 64113116 928533723184 1797 55550
1526031781 5410 63997748 834885331296 1656 35000
1526031782 4787 63892711 988279286531 1723 49621
1526031783 4627 64077397 1016986572177 1689 41281
1526031784 4821 64018316 968867013256 1739 48982
1526031785 4586 64004677 1042410849625 2003 45732
1526031786 5232 64032211 861718689105 1726 35936
1526031787 5011 63812201 950023022249 1730 69130
1526031788 4753 64230259 1045111279165 1613 63232
1526031789 4656 63886783 1006628898695 1704 42323
1526031790 5115 64034660 913387644840 1784 51793
1526031791 4791 63998248 977484767668 1804 43600
1526031792 5187 64054227 877372069511 1743 40385
1526031793 5008 63922137 944985916587 1771 49727
1526031794 4999 64095144 927962217254 1793 34726
1526031795 5260 63947118 860254479120 1763 50920
1526031796 4842 64003630 986194312526 1744 57746
1526031797 5114 63978441 891200737201 1658 38656
1526031798 5211 63905888 868896054546 1719 40595
1526031799 4774 64085895 1012912349699 1752 54550
1526031800 5243 64027979 866229067059 1763 37064
1526031801 5157 64095979 935056314449 1797 53732
1526031802 4928 63920032 934239919952 1757 37936
1526031803 5130 64040475 885976135761 1796 34821
1526031804 4945 63918955 989854780675 1628 66818
1526031805 4974 64072325 922033605891 1853 36332
1526031806 5072 63953795 899978275149 1632 47404
1526031807 4816 64013074 996443169494 1664 52800
1526031808 5217 64043361 869899455739 1729 54517
1526031809 5276 63966238 862345531230 1751 39426
1526031810 4543 63824999 1063462863889 1739 72950
1526031811 4787 63994545 964022434029 1874 40681
1526031812 4793 64074140 968340741448 1725 44279
1526031813 4510 64082075 1078716337803 1844 71445
1526031814 4856 63982397 957328828273 1901 45776
1526031815 4959 63895785 917855626659 1796 46268
1526031816 4669 64133692 1032199199494 1604 48714
1526031817 4638 63849691 1016173673769 1808 43370
1526031818 4734 64076748 993263968850 1820 45954
1526031819 4802 63915965 994555299681 1756 46820
1526031820 4764 64115022 979260287708 1910 43147
1526031821 4695 64106969 995872939345 1846 36305
1526031822 4767 63904389 1009845078821 1859 59285
1526031823 4759 63979596 1026829404564 1739 68691
1526031824 4834 63994167 966656511615 1844 42847
1526031825 4849 63974707 976267178975 1939 48592
1526031826 4705 64090099 995188682381 1794 39155
1526031827 4504 63937905 1044427440535 1684 49339
1526031828 5186 64075049 893894878047 1782 53133
1526031829 4806 63685621 957859205091 1775 37591
1526031830 4603 64125735 1061206730499 1968 56477
1526031831 4829 64154494 967710074408 1855 55157
1526031832 5295 63980878 851780923990 1663 37361
1526031833 4587 63980693 1056117522695 1790 58233
1526031834 4653 64004863 1011123953407 1894 38720
1526031835 5300 64054414 845933357700 1848 37722
1526031836 4792 63714652 1002582708892 1768 59106
1526031837 4572 64286967 1032662386631 1949 54407
1526031838 4706 63999367 995092546633 1933 43195
1526031839 4501 63990162 1069431825210 1816 49708
1526031840 5142 64014602 883746198642 1737 42013
1526031841 4823 63899202 965034537434 1801 44848
1526031842 4762 63974787 988247421987 1780 48367
1526031843 4698 64099288 992731800234 1939 42577
1526031844 4517 63985968 1043086097748 1875 64719
1526031845 4508 63917973 1076856926195 1727 57283
1526031846 5058 64115422 902371339170 1931 38644
1526031847 4517 63870764 1039004389384 1922 43509
1526031848 4623 63890205 1030080538439 1920 61265
1526031849 4890 64244843 944611789095 1849 38721
1526031850 5141 64040055 885409095461 1773 43290
1526031851 4442 63947523 1107384243485 1734 67556
1526031852 4713 63902847 987420017013 1833 52112
1526031853 4937 64110473 932106301417 1760 41191
1526031854 4535 63848399 1060422924091 1830 54230
1526031855 4634 63972609 1003376019631 1797 55348
1526031856 4831 64141335 955730864693 1807 42941
1526031857 4557 63957691 1056645863201 1867 58106
1526031858 4431 64075510 1102964411608 1722 58295
1526031859 4605 63909102 1016521853816 1919 49553
1526031860 4982 64174481 960731831397 1971 54348
1526031861 4763 63869652 977241360524 1791 51328
1526031862 4706 64008665 993877105043 1784 61571
1526031863 4878 64014762 979466751066 1820 55098
1526031864 4620 63913303 1009776769719 1764 53924
1526031865 5071 64052134 896431907974 1749 34615
1526031866 4890 63901749 968011864181 1753 48094
1526031867 4456 63927087 1057005366839 1835 49555
1526031868 4685 63959161 985126371657 1804 39873
1526031869 4534 64245845 1068883496213 1721 59137
1526031870 4543 64060771 1046625383587 1891 66968
1526031871 4576 63950963 1031565420091 1954 45157
1526031872 4592 63997750 1049382219890 1795 58535
1526031873 5134 63953209 882319850603 1836 36202
1526031874 4640 64018122 1003175371864 1721 50073
1526031875 4402 63892479 1093382471263 1924 64927
1526031876 4872 63916032 946223083932 1800 42201
1526031877 4636 64166560 1009768394050 1748 41812
1526031878 4449 64058384 1087486449292 1907 66043
1526031879 4498 63962705 1045770201143 1785 55625
1526031880 4603 63905681 1011326881769 1886 41804
1526031881 4682 64023929 1011021771509 1801 44950
1526031882 4518 64194685 1045049856547 2077 45804
1526031883 4412 63853612 1057585727376 1784 55388
1526031884 5056 64041730 919172366080 1724 44479
1526031885 4836 63755125 953152412803 1705 49673
1526031886 4793 64226089 978129742791 1879 38604
1526031887 4474 63985570 1071479006062 1762 63536
1526031888 4533 63938892 1026096948078 1786 46010
1526031889 4767 64017783 969851349727 1841 42024
1526031890 4481 64092574 1066887249764 1863 53458
1526031891 4651 64014713 1011587525355 1815 45144
1526031892 4900 63886198 939118604412 1867 43997
1526031893 4111 64070903 1239512303627 2075 68465
1526031894 4473 64036927 1046809707903 1844 49452
1526031895 4646 63911109 997119478355 1839 46205
1526031896 4770 64115775 1005282872779 1845 55241
1526031897 4782 63819860 964038490086 1741 44430
1526031898 4589 64092586 1023820248584 1825 51997
1526031899 4503 64018614 1094275952446 1759 55486
1526031900 4406 64014546 1066821629982 1947 56667
1526031901 4534 64013233 1036277426979 1980 47760
1526031902 4649 63947555 1031418079247 1825 56384
1526031903 4792 63877893 950743461697 1767 41086
1526031904 4421 64148582 1072422761582 1945 54089
1526031905 4353 63985112 1106094095016 1938 54014
1526031906 4586 63958244 1022220023066 1932 40611
1526031907 4816 64022706 953441157042 1851 40061
1526031908 4419 63984280 1089708698676 1883 58678
1526031909 4882 64068087 936388820843 1719 37844
1526031910 4459 64064752 1052110115042 1871 45820
1526031911 4586 63818370 1050657645746 1855 57526
1526031912 4709 64109146 990408517258 1862 44957
1526031913 4651 64093068 1004170183910 1895 53451
1526031914 4389 63893960 1094630161834 1825 50564
1526031915 4477 64016222 1044856507754 1846 38717
1526031916 4571 63821111 1015484921659 1880 62488
1526031917 4467 64080794 1069010507860 1918 59450
1526031918 4529 64123067 1035089062681 1979 40245
1526031919 4360 63959388 1070254921662 1894 46809
1526031920 4554 64044526 1033431086760 1968 47284
1526031921 4646 63894062 1024799238682 1815 49570
1526031922 4536 64128723 1030559007657 2070 46359
1526031923 4497 63983046 1038446336346 1893 47484
1526031924 4584 63908838 1046870221798 1981 50040
1526031925 4704 64103744 976495072064 1820 42384
1526031926 5031 63950398 892777398900 1754 36763
1526031927 4170 63939104 1172764654526 1824 67392
1526031928 4715 64033440 1021769765828 1798 57024
1526031929 4574 63948118 1023795412602 1761 42895
1526031930 4376 63954580 1091685283144 1896 46953
1526031931 4901 64172510 936958974512 1791 36228
1526031932 5181 63986418 866249628628 1899 36916
1526031933 4449 63982649 1070738793517 1968 54210
1526031934 4407 63952100 1060373826826 1956 47303
1526031935 4555 63885022 1017575282752 1723 45198
1526031936 4541 63988068 1042916026500 1856 56616
1526031937 4509 64111541 1038517999073 1792 42786
1526031938 4878 64042856 929201107286 1784 37111
1526031939 4223 63952902 1172969198200 1961 63587
1526031940 4885 63968210 924171406260 1838 35746
1526031941 4540 64079400 1033208544982 1679 49141
1526031942 4256 64014310 1151990198638 2024 62156
1526031943 4452 64009697 1059079317641 1835 53614
1526031944 4633 63918584 1000138297264 1799 43659
1526031945 4605 63999587 1035247720003 1941 55981
1526031946 4517 63989240 1034512663586 1768 60238
1526031947 4388 63915695 1068488638927 1888 54299
1526031948 4788 64150890 958079487704 1888 40557
1526031949 4737 63883126 993511754154 1759 44640
1526031950 4429 64114702 1063841570568 1870 42071
1526031951 4870 63994392 941861861580 1880 38221
1526031952 4228 63896310 1134465525632 1887 67453
1526031953 4414 64131274 1062712081298 1882 42813
1526031954 4412 64029946 1064685205282 1892 43190
1526031955 4330 63990395 1112494799081 1929 53849
1526031956 4534 63917933 1031529445303 2014 47607
1526031957 4752 64098782 965834311776 1923 38707
1526031958 4433 64032394 1076793069074 1822 59549
1526031959 4785 63877310 947528429694 1694 39366
1526031960 4632 64019448 1011194408712 1633 51648
1526031961 4447 63764506 1057950264082 1953 47234
1526031962 4540 64215136 1035054490562 2101 45427
1526031963 4362 64050139 1135910784159 1845 56186
1526031964 4254 63954893 1124214927829 1971 50145
1526031965 4605 63769599 995843156179 1844 42043
1526031966 4518 64301040 1043852886144 1794 47128
1526031967 4317 63931764 1136124992322 1950 58779
1526031968 4353 63945961 1089526771829 1892 64317
1526031969 4846 64098662 944266615120 1671 34960
1526031970 4573 63939157 1027319593001 1900 41220
1526031971 4577 63903833 1036943613815 1860 53885
1526031972 4531 64059165 1029012569927 1940 46489
1526031973 4879 64070065 932909991529 1793 41414
1526031974 4870 63956281 967827450865 1730 56565
1526031975 4956 64038796 933571907072 1847 36009
1526031976 4700 64056013 997574506841 1795 47405
1526031977 4670 63933564 1029300722028 1960 57393
1526031978 4569 64014466 1028439412456 1711 46543
1526031979 4956 64035999 916458627165 1830 37975
1526031980 4794 63969926 987581535848 1814 50831
1526031981 4616 63937531 1002606057037 1919 48685
1526031982 4844 64123356 939599739484 1945 35725
1526031983 4716 64021766 1014815307592 1716 54746
1526031984 4748 63927163 963368333957 1789 48161
1526031985 4676 63989631 978264731613 1775 39789
1526031986 4562 64003248 1044889249424 1697 58902
1526031987 4743 63943996 967342075834 1733 46344
1526031988 4700 63983757 979190821807 1852 40629
1526031989 4568 64097871 1042103893665 1921 60231
1526031990 4431 63988652 1063635707890 1839 47395
1526031991 4659 63792142 978295926344 1873 37397
1526031992 4411 64090049 1070232261293 1931 46680
1526031993 4303 64057806 1096609402288 1824 48439
1526031994 4272 64113956 1103837814060 2003 44988
1526031995 4448 63711648 1065591733554 1794 59532
1526031996 4671 64205039 994065189393 1818 40976
1526031997 4820 64003638 947577844458 1729 39728
1526031998 4087 63998122 1236195061734 1926 62938
1526031999 4502 64012383 1048339801225 1919 83978
1526032000 4772 64023136 950894809062 1871 42560
1526032001 4543 63915342 1023248276162 1751 55922
1526032002 4645 64045125 1009469365643 1891 46829
1526032003 4471 63905857 1041164810097 1754 46467
1526032004 4658 64069363 982816732015 1851 44954
1526032005 4614 63922853 1020908135467 1696 49721
1526032006 4491 64078359 1041319984603 1805 49546
1526032007 4315 63897927 1092982982397 1907 46093
1526032008 4211 64044588 1145005465920 1922 50464
1526032009 4430 63841667 1053412819791 1843 45420
1526032010 4682 64148722 991729659982 1960 46112
1526032011 4269 64180920 1137901550582 1715 63455
1526032012 4672 63829001 980943098189 1806 52338
1526032013 4282 64026682 1099838302460 1945 60248
1526032014 4207 63970849 1149898047385 1916 55875
1526032015 4672 64062165 974079376391 1862 35527
1526032016 4602 63930050 1003593704842 1750 46672
1526032017 4296 63942205 1106783544037 1932 45764
1526032018 4277 64144822 1097874810430 1901 59003
1526032019 4305 64045486 1097938805760 1991 53600
1526032020 4566 63952521 1023093821003 1872 46249
1526032021 4654 63995505 1011080609647 1921 55360
1526032022 4368 64001292 1081909750540 1778 49140
1526032023 4539 63858425 1015818420425 1878 45786
1526032024 4224 64056815 1135129648543 2092 46939
1526032025 4294 64166107 1106104680781 1936 47519
1526032026 4707 63849776 984012799204 1873 46916
1526032027 4333 64082944 1095039874326 1859 62557
1526032028 4231 64071920 1113081417532 1924 45753
1526032029 4482 63894991 1047399989199 1798 50132
1526032030 4575 64039341 1030708305799 1853 53223
1526032031 4383 63971485 1073403321339 1828 53081
1526032032 4454 63846488 1044571369258 1759 44929
1526032033 4247 64221917 1163461432917 2061 65949
1526032034 4660 63928738 994874859256 1935 48360
1526032035 4296 63979289 1098546038865 1963 50536
1526032036 4380 63910867 1064249732571 1725 44178
1526032037 4502 64156842 1057371565942 1916 57017
1526032038 4561 63907238 1016603976856 1838 55935
1526032039 4254 64053921 1099363544483 1722 42099
1526032040 4154 64035783 1151804299613 1936 51887
1526032041 4237 63946772 1112731869406 1934 48250
1526032042 4400 63715047 1045393442535 1853 45667
1526032043 4452 64399684 1078102889102 1982 49001
1526032044 4240 63905209 1117641488131 1987 68635
1526032045 4340 64036788 1084702495282 1884 47211
1526032046 4575 63738273 999557364175 1891 44733
1526032047 4222 64249231 1147862354649 1922 56966
1526032048 4804 63972618 942961254830 1794 45068
1526032049 4395 63828276 1056410488508 1785 45290
1526032050 4344 64171609 1110466637437 1785 53043
1526032051 4865 64012089 929556678091 1754 40300
1526032052 4649 63877170 983750522242 1809 43671
1526032053 4079 64196844 1180290289304 1909 55576
1526032054 4388 63947213 1070702883615 1771 44006
1526032055 4310 63875808 1089326056820 1872 47605
1526032056 4537 64099308 1056462716102 1882 58967
1526032057 4406 64013756 1066029342000 1911 42638
1526032058 4649 63984684 984917314464 1901 45381
1526032059 4720 63972583 983343869011 1808 53902
1526032060 4619 64033348 997872746322 1923 50103
1526032061 4777 63910160 943422748912 1871 43431
1526032062 4833 64087702 942873670016 1878 39907
1526032063 4275 63906973 1117197674209 1939 54845
1526032064 4691 64092609 974370358943 1730 34492
1526032065 4733 63992163 961933614001 1895 46205
