1525366039 0 0 0 0 0
1525366040 11890 30832349 1140765421845 698 138845
1525366041 9570 32740966 1672490787404 829 142633
1525366042 20394 32000476 56170979706 754 9076
1525366043 20305 32003168 56627811864 634 9581
1525366044 21071 31999558 53091535196 794 8761
1525366045 20693 32001834 55535254026 604 9081
1525366046 8893 30691353 2044783662349 838 136547
1525366047 320 32250931 3336242008241 88556 139858
1525366048 242 30465906 3927075063860 94378 233996
1525366049 223 31991582 4766279765766 127234 276915
1525366050 288 33264225 4510394725587 38348 213577
1525366051 14458 33334534 918552417928 707 86238
1525366052 20742 32001019 54088261419 771 9157
1525366053 21389 31997913 53908303789 755 9100
1525366054 21002 31989145 54508385585 755 9165
1525366055 21443 32012789 51137204935 715 8815
1525366056 4750 29603804 1849513959416 660 111427
1525366057 320 33261035 3464999648519 96605 158836
1525366058 288 30660874 3267603220048 99749 112633
1525366059 352 33557305 3238921197439 81244 112790
1525366060 383 32109096 3044602788448 39685 150763
1525366061 19056 32798083 288055787489 771 76208
1525366062 19957 32001625 74500183053 787 25420
1525366063 20469 32004335 55031884853 724 8999
1525366064 19601 32002416 56868282012 834 9053
1525366065 20644 31723521 53283351761 807 9926
1525366066 9900 32267199 1158558458231 797 88680
1525366067 20308 32005952 55290471656 751 8998
1525366068 20554 32005801 56178823363 770 9011
1525366069 20825 31996076 55233365904 746 8909
1525366070 20786 32003025 56742315745 797 9204
1525366071 19388 31998532 166720072736 722 68329
1525366072 21057 32000390 55084499260 791 9551
1525366073 21359 32006532 52666003044 714 8711
1525366074 20786 31989115 56639508837 766 8868
1525366075 20622 32002047 56110302205 731 9363
1525366076 20899 31999282 53918592864 791 9085
1525366077 21151 32002524 50957327546 653 5349
1525366078 21031 32002059 54482383073 759 8857
1525366079 20157 31997594 57690249420 786 24222
1525366080 19059 31992457 491237879921 664 121108
1525366081 21831 32008185 50310017805 651 8265
1525366082 21847 31994996 51580053534 720 8475
1525366083 20982 32000565 55069869285 703 8658
1525366084 21217 31996012 54245029422 748 8761
1525366085 13732 20610095 33520520283 662 8370
1525366086 16032 43394133 10004724310473 808 558845
1525366087 21651 31997789 51871390979 753 9228
1525366088 21451 31984425 51289851155 710 8541
1525366089 21124 32025288 52065254858 714 8690
1525366090 20974 31982318 52403945866 734 8694
1525366091 21370 32014409 51927865893 798 8678
1525366092 20369 31994845 54209679399 754 9161
1525366093 20911 31998096 56549416830 763 8909
1525366094 20202 32003854 54653789184 833 8691
1525366095 20106 31996419 53812075595 897 6717
1525366096 21411 31996023 51744391415 696 9006
1525366097 21580 32003634 51217369040 715 9116
1525366098 20453 31961488 55187336500 809 9409
1525366099 20022 32046613 56381168573 752 9146
1525366100 21778 31994438 50842045754 735 8628
1525366101 21733 32010233 52473196799 657 8805
1525366102 19742 31995984 56035639416 854 8988
1525366103 20104 31991056 56843379904 811 9235
1525366104 21010 32002572 54084950204 718 8740
1525366105 20875 32000797 55629121203 642 9355
1525366106 17401 31995880 515128635702 784 115750
1525366107 21671 32004789 52190939967 731 8815
1525366108 20431 31998460 56942534286 742 8898
1525366109 20761 32003290 53820869836 721 10352
1525366110 20971 31994821 54312858741 661 8470
1525366111 22257 32003293 51191596515 672 10048
1525366112 22519 31995418 48054517126 719 6160
1525366113 21018 32005414 54010341112 755 9064
1525366114 21028 31862189 52175855801 791 8604
1525366115 20782 32133692 56193858346 664 9240
1525366116 20255 31998905 53106060315 818 4937
1525366117 20825 32004067 52706399765 805 8648
1525366118 22501 32008897 51443103403 713 8674
1525366119 21050 32000671 55164089167 730 8734
1525366120 21050 31985861 52831942487 783 8693
1525366121 20756 32006206 54906876594 689 14516
1525366122 19667 31997356 57168217594 774 10574
1525366123 20223 32002503 54458259251 765 7940
1525366124 20244 31994938 55441698390 605 8361
1525366125 21071 32001911 53415774707 719 8723
1525366126 20325 32002484 55199036914 796 8276
1525366127 19361 32000066 56356723124 732 5817
1525366128 19439 31997355 56040517049 816 6079
1525366129 19785 32008345 57134025795 762 9107
1525366130 19992 31994954 55654527014 784 8032
1525366131 21117 32000046 52439488740 700 6287
1525366132 19356 31995199 55947866839 918 5935
1525366133 20314 32002734 54510098034 786 7984
1525366134 22307 31994285 50644198927 637 7949
1525366135 20696 32000863 54764601255 770 10833
1525366136 20646 32005925 52688429075 780 5838
1525366137 20795 32001735 52476778615 718 5847
1525366138 20502 31992758 52830675356 705 5531
1525366139 22012 32011589 50062284439 660 5830
1525366140 22065 31999091 52797410139 689 8565
1525366141 19166 32001469 319547444217 659 81021
1525366142 20703 31990089 54209643783 720 8192
1525366143 19859 32008649 55354745549 767 6227
1525366144 19928 31994271 58692714413 737 9385
1525366145 21065 31997520 53194369002 748 10109
1525366146 20893 32009967 55943528777 759 8672
1525366147 21709 31984594 51815444938 610 8288
1525366148 21698 32001017 52885924981 564 9703
1525366149 20114 32006850 57041466170 750 9196
1525366150 19454 31992193 56261997757 899 5767
1525366151 20420 32007346 56192563574 701 8258
1525366152 22233 32003056 52500301796 607 11730
1525366153 21813 32004776 52113828672 618 8695
1525366154 22309 31991677 50942955845 723 7973
1525366155 21712 32005053 52297910475 622 8448
1525366156 21755 31990918 51948162946 708 8201
1525366157 22472 32004556 50843049054 642 8471
1525366158 21202 32004686 54502603608 765 8547
1525366159 20333 31999860 55572795400 740 9248
1525366160 21484 31991281 54803171075 719 9790
1525366161 22541 32003050 49714537106 703 5668
1525366162 21846 32000703 51765780791 735 8854
1525366163 20108 32002576 54462309230 606 5577
1525366164 22601 31999733 49686003519 666 9516
1525366165 22066 31993059 51490298769 699 9548
1525366166 22810 32004526 47963181538 682 5577
1525366167 22870 32003362 48126131672 612 5608
1525366168 21520 32000692 54244945686 624 11861
1525366169 22144 31999786 50700295000 602 5978
1525366170 22638 31999710 50383095044 598 6666
1525366171 22199 31997156 51488376710 654 9482
1525366172 21273 31999100 53421787068 679 10634
1525366173 22090 32005234 52317790822 683 10634
1525366174 21635 31996003 52798156203 684 8455
1525366175 21174 31993522 54207916032 675 10458
1525366176 18770 32009162 295165062458 644 76263
1525366177 22111 32000647 52017135727 677 9526
1525366178 22271 31996416 51394474132 599 8605
1525366179 21525 32005187 52414503291 716 8364
1525366180 21441 31993956 52732874134 755 8814
1525366181 21762 32002431 52126594635 651 9270
1525366182 22294 32004114 51345750212 610 11025
1525366183 22088 31995102 51019750314 672 5676
1525366184 21746 32000590 51352483670 639 5932
1525366185 20373 31999745 55246520221 730 7895
1525366186 20076 31987823 55409894771 806 6169
1525366187 20172 32007824 56487117130 793 11190
1525366188 22059 32005531 51018538725 735 5815
1525366189 22651 31993814 49020552318 620 5810
1525366190 20976 32000873 54613751983 648 8655
1525366191 22521 32008287 49920069425 662 6553
1525366192 22191 31997153 51842361937 619 8731
1525366193 22103 31809895 50141688349 682 5619
1525366194 21202 32188140 54478147536 683 8467
1525366195 21184 32004015 53450844463 634 6363
1525366196 20640 31989623 55296192859 702 5915
1525366197 21141 32008754 56624780714 686 8972
1525366198 21759 31994909 54642118435 623 8613
1525366199 21219 32006581 54051087337 666 5928
1525366200 21558 31999359 54753996381 583 8246
1525366201 21602 32000760 53226726580 627 6044
1525366202 22115 31901943 53208622337 613 8483
1525366203 21879 32093038 54816028470 599 11316
1525366204 21671 32008660 56222416136 595 9188
1525366205 21178 31989889 55850225323 642 9012
1525366206 21220 32002829 53850348833 622 5996
1525366207 21583 32002213 55143598815 632 8484
1525366208 21704 31994095 53170482547 611 8878
1525366209 21170 32000891 54147819023 729 8648
1525366210 20969 31993952 53065362164 696 5955
1525366211 18659 32005240 281426444318 700 79041
1525366212 22441 32005379 52741070483 590 8086
1525366213 21301 32000139 52932629321 720 6182
1525366214 20887 31993849 59981249579 560 13924
1525366215 21314 32004738 54029331294 655 6658
1525366216 21402 31991817 52234003901 689 6035
1525366217 21347 32008337 55682800613 594 10751
1525366218 22637 32000260 51192521084 563 6072
1525366219 21932 31998995 53915473785 578 10315
1525366220 20694 31993406 56877356988 616 8942
1525366221 20214 32006967 58493405503 663 9387
1525366222 21850 31990911 52009578991 706 8455
1525366223 21847 32004609 52763789701 548 10884
1525366224 21836 32006620 53418183482 618 9236
1525366225 21462 31995945 57185629321 688 17583
1525366226 21578 31998704 52592055944 668 5875
1525366227 21889 32001655 53478112995 665 8247
1525366228 22099 31997831 53447227177 627 8358
1525366229 21077 32000789 54086073399 692 5901
1525366230 21609 31997424 53768307634 528 10507
1525366231 21018 31996862 56141645862 634 9239
1525366232 22433 32007014 51913655556 622 8368
1525366233 21796 31990590 53485909692 661 9444
1525366234 20778 32016232 57267094380 624 11159
1525366235 22575 31991776 52216939100 547 8412
1525366236 20690 31998136 55565691818 597 6185
1525366237 19965 32001276 58020260840 493 10814
1525366238 22843 32010606 51696527670 614 10034
1525366239 20882 31986363 57979729787 577 11176
1525366240 22305 32007853 53096586503 601 8496
1525366241 21853 31993026 55227865420 642 10677
1525366242 20104 32003027 58072654205 644 8619
1525366243 21059 32008404 54639578176 695 6352
1525366244 20428 31995593 57641206599 579 8625
1525366245 20700 31994013 57827602669 643 11190
1525366246 18764 32005119 354867912895 560 100867
1525366247 20211 31998627 56927213241 657 8638
1525366248 22201 31997977 53396599259 615 9224
1525366249 21297 31995504 57043085186 661 10366
1525366250 21445 32004269 54451557673 566 10305
1525366251 21488 31995026 54091022740 579 6697
1525366252 20417 31997873 57929031337 622 10280
1525366253 21547 32005470 56868588486 559 9200
1525366254 21677 32003497 56362825979 584 9091
1525366255 22047 31994443 53188024845 618 6058
1525366256 20577 32005474 56249952722 692 8565
1525366257 20431 32003820 56562618384 629 5909
1525366258 21572 31991764 54316708990 557 8374
1525366259 20915 31999905 55298564011 653 10757
1525366260 22847 32004202 51884434922 459 8484
1525366261 22143 31998589 52865697893 562 10273
1525366262 21087 32009839 54693281211 707 9691
1525366263 22051 31995804 53113562534 575 8152
1525366264 22123 31997048 51579851252 584 5602
1525366265 19965 32000522 57853393270 612 9494
1525366266 20136 31994383 57718801329 609 9795
1525366267 21634 31994003 53834852151 609 6081
1525366268 21048 32015026 56841620266 602 10531
1525366269 23565 31988090 50882342634 525 8128
1525366270 20398 32010382 57371812314 678 8775
1525366271 22299 32000514 52062356972 539 5705
1525366272 23077 31990437 50485839297 563 10088
1525366273 23122 32011097 51905066777 558 9130
1525366274 21515 31989954 54109527060 538 5816
1525366275 19936 31999540 58618176238 593 11772
1525366276 19438 31994982 58084051156 767 6352
1525366277 20790 32006269 55131257959 701 5772
1525366278 21685 32008706 55584100292 608 9001
1525366279 21084 31987849 55448005233 665 10502
1525366280 20882 32002896 55555418640 643 10645
1525366281 19440 31185377 155815402497 559 69958
1525366282 21176 32819152 144204156418 657 68843
1525366283 20995 31991071 54439504579 680 5785
1525366284 20676 32003049 56378505425 632 8308
1525366285 20816 32004411 55971757779 662 8691
1525366286 19929 32000235 57052483443 680 6038
1525366287 19551 31998822 60072730682 600 10313
1525366288 17712 32005395 764214501825 628 151504
1525366289 22940 31997106 50809024868 616 7056
1525366290 21224 31997294 56813425158 568 11685
1525366291 21299 32006117 56677935571 544 8977
1525366292 20507 31990925 57037747211 621 6456
1525366293 21231 32004528 58541153822 547 9907
1525366294 21780 31994333 53621145445 649 5869
1525366295 18564 31998992 61653923038 623 6430
1525366296 19945 32011387 59984681765 648 10579
1525366297 20042 31988541 55895243311 674 6439
1525366298 20190 32007420 57543922660 617 8206
1525366299 21288 32002008 54602506138 597 6315
1525366300 20697 31999908 55376579124 650 5994
1525366301 20819 32004865 56572550429 609 8154
1525366302 20908 31984919 56003915305 555 7881
1525366303 20544 32007456 56038582220 690 6285
1525366304 22789 32000394 53163646930 479 9076
1525366305 20689 31998718 54360043678 684 5669
1525366306 20856 31992343 54549369963 744 8341
1525366307 21550 32003944 54047479508 600 8135
1525366308 20203 32004522 60842029570 649 12824
1525366309 19041 32002542 58771496962 818 6219
1525366310 19952 31998968 57751099814 650 6372
1525366311 21196 31989951 56159478067 591 9193
1525366312 19709 32011666 58144795244 722 5893
1525366313 20541 32000282 56868593886 536 8664
1525366314 21419 31990360 54105432560 645 6118
1525366315 21042 32006926 57178033466 572 10107
1525366316 21535 31601589 53621174911 594 8692
1525366317 18142 32399285 228847402791 504 97805
1525366318 22312 31999443 51796226653 591 6017
1525366319 21462 31991370 53397648886 692 7815
1525366320 21846 32011117 55078318461 524 9162
1525366321 20419 31995300 57820588642 567 8874
1525366322 22059 31996602 51763288514 533 6184
1525366323 9083 13218424 21998080210 373 5892
1525366324 10271 50789513 36101338583705 348 1072748
1525366325 20479 31988627 58072104757 644 9711
1525366326 21149 32004579 56528544663 648 11259
1525366327 21309 32008295 56631600919 573 8621
1525366328 21965 31990636 53684674642 551 5778
1525366329 22283 32005400 51749621978 608 5898
1525366330 20604 31999909 54516748343 696 6144
1525366331 20413 31989241 55362760757 625 5933
1525366332 20527 32006270 55220401706 697 5969
1525366333 21034 32000453 55284251991 623 8673
1525366334 21481 32001248 55722661820 483 8579
1525366335 21171 31997279 54834695015 643 6575
1525366336 21618 32001746 55372463164 575 9534
1525366337 21536 32005381 52668782437 686 6321
1525366338 21751 32001232 53085021444 634 6180
1525366339 21845 31999968 53198416900 573 6385
1525366340 21441 31998879 54684623745 654 6440
1525366341 22262 31997203 53840812305 557 11333
1525366342 21029 31999057 54974607931 611 6814
1525366343 21805 32000522 54314679532 587 10239
1525366344 21434 31993346 53743568168 561 6799
1525366345 22738 32007353 50784628355 590 6359
1525366346 20540 32000690 55482178608 704 6219
1525366347 21871 31999111 52872444541 506 6936
1525366348 21451 31989557 53963767933 629 6170
1525366349 21026 32009900 54667583672 658 7415
1525366350 21015 32000103 54311963089 544 6495
1525366351 21985 31990952 51603786606 664 7449
1525366352 17762 32006799 218992665163 733 61895
1525366353 21353 31996861 55587957609 617 9246
1525366354 22112 32003867 52975934751 676 8343
1525366355 21247 32009942 53582460602 553 6300
1525366356 19474 31995474 161410839346 585 37756
1525366357 17437 31993954 263497543786 635 45164
1525366358 17812 32009711 251123764063 589 37470
1525366359 17592 31992353 325747042813 621 44570
1525366360 17794 31758682 230050040782 604 38990
1525366361 18061 31702689 240230189031 660 36220
1525366362 17934 32412291 254956832693 665 40264
1525366363 17582 32127818 243762258446 605 36141
1525366364 17955 32008864 280394046158 694 40244
1525366365 16973 31993858 286361692958 620 40434
1525366366 17860 31998626 262108763942 595 39643
1525366367 17768 31918884 263379677662 615 44433
1525366368 17699 32073491 248682044125 589 39720
1525366369 17739 32009564 276291427966 610 42731
1525366370 17701 32001160 287072384758 558 43277
1525366371 16636 30980182 298086008578 540 46510
1525366372 18286 33012241 339400676697 666 51734
1525366373 17289 31995082 329379897840 524 45401
1525366374 17412 32007443 299103541197 607 43505
1525366375 17114 32000693 289861776867 589 44762
1525366376 16750 31998855 318064137307 604 45293
1525366377 17720 32006287 287286509847 659 45715
1525366378 17095 31990839 308852454891 606 48466
1525366379 17165 31588829 265525536191 705 41753
1525366380 17593 32409090 333269563410 604 44034
1525366381 17220 32005941 287256145143 624 44402
1525366382 18119 31997148 282276048614 657 42696
1525366383 17909 32004024 339310142582 558 47802
1525366384 17321 31999917 320513772951 603 48628
1525366385 18142 31878300 292665076622 562 52263
1525366386 17490 32114499 286425586107 544 42138
1525366387 15084 32009593 435073308799 689 48782
1525366388 17568 31304214 295704373432 612 47144
1525366389 17343 32693248 332483987160 631 48485
1525366390 17322 31941455 326545537553 671 49131
1525366391 16387 32061936 336569002542 546 46456
1525366392 17741 31995711 309709455589 656 53212
1525366393 16889 31993742 323013859318 633 44113
1525366394 17275 32011602 354010748108 586 51276
1525366395 17495 31620599 267341581001 631 45706
1525366396 17169 32370045 330580014115 636 44792
1525366397 17666 32004342 288521006520 661 47735
1525366398 16912 32003405 402957304397 649 51331
1525366399 17756 31993781 306046198663 676 50683
1525366400 16554 31995588 325510232144 659 48569
1525366401 17713 32009691 247422289215 704 41510
1525366402 17734 32002337 302386762133 648 48412
1525366403 17998 31999390 300082249712 601 46025
1525366404 17172 31999863 366088596809 658 53400
1525366405 17088 31991276 328508116792 717 44307
1525366406 16900 32005295 362634903343 667 55927
1525366407 17394 31997627 295737755743 537 45989
1525366408 16621 31289912 306576565706 706 45800
1525366409 17546 32711097 365866882087 650 45292
1525366410 17061 31997239 310824870185 712 48667
1525366411 17084 32002893 307397382553 680 45797
1525366412 17012 31997540 297559309096 668 44626
1525366413 17312 32003879 329154340229 741 50205
1525366414 17577 31994843 296382889271 746 46515
1525366415 17146 31146344 268041515872 615 43788
1525366416 17296 32856758 326471276696 687 45309
1525366417 17252 32003260 317219713000 626 47668
1525366418 17328 32001887 305937372823 552 45448
1525366419 17023 32000082 325636884496 646 48475
1525366420 16681 31967129 329078356387 571 49121
1525366421 16611 31985111 315512137073 663 48706
1525366422 14459 32043848 894538182444 603 143000
1525366423 17675 31995037 257641929385 615 40708
1525366424 16864 32010650 303405822706 612 45963
1525366425 17010 31992571 345946843107 626 47396
1525366426 16980 31112411 341774955327 680 45921
1525366427 16834 32195803 337583851541 741 54874
1525366428 16734 31354149 308416643549 734 46968
1525366429 16757 32224516 369004906536 690 60615
1525366430 16959 33112106 327245652720 724 43298
1525366431 17305 31997476 263697547946 680 43009
1525366432 17710 31998285 309267859977 518 45653
1525366433 17670 32013172 301759540514 594 44285
1525366434 17558 32004981 329698824837 683 46391
1525366435 17172 31991304 342789096272 536 55129
1525366436 16853 31379126 331868533268 618 50726
1525366437 16955 31969307 273460146379 659 40490
1525366438 17303 32646240 321751498430 570 45360
1525366439 17670 32004543 258762604591 623 41468
1525366440 16248 31998419 361457537899 454 52669
1525366441 17120 31998555 316679568711 462 48812
1525366442 17983 31994616 285479009486 606 46768
1525366443 17094 32007449 337608143427 604 47596
1525366444 16293 31989474 387140264316 672 63554
1525366445 17151 32001669 303167681767 518 46144
1525366446 16956 32009936 320677067640 670 46136
1525366447 16849 30928910 257912612838 602 46083
1525366448 17021 33057620 382900005698 571 48405
1525366449 15712 32011621 412435318199 609 54725
1525366450 16305 32001789 380660661443 666 52391
1525366451 16274 31128727 283879746469 556 48946
1525366452 17157 32097645 275129810963 658 49072
1525366453 15982 32767681 418872072615 483 58464
1525366454 18025 32004808 236320777960 700 38630
1525366455 16849 32006136 306256415950 550 47072
1525366456 15065 31033323 410353156961 532 59395
1525366457 13642 32934312 609386951140 417 76208
1525366458 14102 31959359 546880528165 520 71296
1525366459 14246 31363820 419391073126 556 59304
1525366460 3539 8610508 171445563110 604 71529
1525366461 0 0 0 0 0
1525366462 0 0 0 0 0
1525366463 0 0 0 0 0
