1525495216 15482 27601870 80922198934 528 39279
1525495217 20322 32011897 57775144417 768 9328
1525495218 19935 32000586 58785291700 780 10651
1525495219 19619 31990537 59327763009 737 9275
1525495220 15097 30181425 455380929563 741 107338
1525495221 267 32477138 5849702828716 69514 346167
1525495222 415 31068220 2500478527628 52919 112375
1525495223 16041 34278830 1109477127066 765 119274
1525495224 21361 31997932 52753295732 753 8734
1525495225 21436 32004747 51229128957 712 8921
1525495226 21327 31995228 50161751398 799 5506
1525495227 19212 30585542 199760146680 706 75757
1525495228 215 31551012 7064125159572 51576 401406
1525495229 346 32029523 4298798003839 40216 612434
1525495230 272 29471096 3207192728036 91399 162778
1525495231 16045 36371005 1615975356481 831 168537
1525495232 21838 31995498 52903856294 748 9129
1525495233 20944 32001492 55418993162 788 10807
1525495234 22000 31997513 50045559257 565 8980
1525495235 20100 31526510 102241666358 703 42465
1525495236 353 31337691 2907871302549 59268 163442
1525495237 226 30730949 4347297526205 78765 206487
1525495238 321 33177294 3614595477706 56291 133127
1525495239 255 29047269 3334534405487 53714 171080
1525495240 18928 36183322 1925656996942 634 566401
1525495241 21545 32000619 50777160505 743 8554
1525495242 21051 31996093 53492027559 824 9078
1525495243 20990 31994965 52157380483 552 8871
1525495244 16307 28697205 290566874189 710 61141
1525495245 12634 35308137 4429079194293 762 345894
1525495246 21662 31999938 53582184080 701 8999
1525495247 20268 31999445 52900674361 818 5002
1525495248 21366 32002690 51468407032 643 8888
1525495249 21750 32003008 50455942870 759 9113
1525495250 19472 31985268 325936018284 634 99886
1525495251 21610 32006394 54757899002 734 9145
1525495252 21318 31997905 51590920869 754 9111
1525495253 20936 32006860 54060942044 640 9355
1525495254 20984 32001120 56996035372 624 9429
1525495255 20592 31994822 51956997090 807 5703
1525495256 20724 32004312 52917920514 838 8935
1525495257 21142 32001618 53328721780 766 9298
1525495258 21838 32002188 51798727490 665 9219
1525495259 22170 31992098 48401178986 602 4286
1525495260 22375 32010036 48639141638 632 5827
1525495261 21370 31994136 51225439800 741 6366
1525495262 21778 32002151 50499274951 656 6194
1525495263 21810 31991052 49945553634 631 6170
1525495264 21603 31999074 49996605242 753 5618
1525495265 21137 32008466 52142480526 780 6261
1525495266 21455 32003452 51281307878 670 6103
1525495267 20917 31994033 52474549049 693 6442
1525495268 21742 32000696 50441270050 683 6004
1525495269 21816 32000680 50238302974 669 6075
1525495270 21863 32004538 49900242590 734 6092
1525495271 22091 31986368 48715873952 727 5572
1525495272 21108 32004508 52458850836 807 6147
1525495273 22784 32005756 48075011920 684 5660
1525495274 21346 32000433 51510717133 683 6181
1525495275 22335 31999131 48595128047 672 4946
1525495276 20941 32006868 51909165910 843 6389
1525495277 21008 31987815 52780741309 725 6020
1525495278 21891 32004229 50623144235 722 5945
1525495279 22064 32002138 48750317636 746 5898
1525495280 21300 32000666 51166837376 674 7814
1525495281 22174 31993721 49085792791 731 5844
1525495282 21366 32005604 50876019026 602 5691
1525495283 22724 32000377 47980091697 660 5952
1525495284 21766 31996194 49814572642 712 5938
1525495285 19897 32007367 222187724521 630 60978
1525495286 22860 31996901 47407679497 697 5835
1525495287 21782 31995619 50025056425 736 5724
1525495288 22267 32003417 48265621631 737 5039
1525495289 21570 32004229 50372581737 783 5755
1525495290 22707 31992285 48517184687 660 5916
1525495291 22669 32006916 49239178872 643 5852
1525495292 21919 31997251 50353932881 693 6311
1525495293 21732 31999534 50252455438 692 5286
1525495294 22853 32004507 48254244887 639 6244
1525495295 23055 31997726 47757766986 695 6256
1525495296 22871 32002680 47696594842 612 6212
1525495297 22002 31997619 49751514529 617 6020
1525495298 21989 31996228 49609907748 752 5861
1525495299 23174 32005926 47039834006 630 5967
1525495300 22922 32001573 48064490111 705 6305
1525495301 21634 31992100 50387852606 734 5713
1525495302 21272 31994517 50653855425 783 5390
1525495303 21298 32006587 50888660231 678 4999
1525495304 23034 31999732 47680909082 616 6316
1525495305 22652 31995380 48987119544 654 6204
1525495306 21752 31999019 50083210913 772 5831
1525495307 21319 31999503 51220107045 807 6248
1525495308 20865 32006277 52205918937 843 5913
1525495309 21017 31988658 51330136280 755 5830
1525495310 22691 32006072 48439967480 622 5797
1525495311 21808 32005740 50440254522 652 6744
1525495312 22505 31997873 49058307091 652 6085
1525495313 21734 31996939 50274300089 751 6438
1525495314 22018 32007446 49823789458 722 5873
1525495315 21638 31999263 50269183605 670 5701
1525495316 21377 31989142 51288179152 702 6206
1525495317 21240 32010088 51992403520 682 8964
1525495318 21082 31995426 62141483368 720 100287
1525495319 21884 32000316 50460051118 628 5641
1525495320 18854 32005717 270556917833 768 68364
1525495321 21700 32002371 50150207727 759 5709
1525495322 21697 31981890 50614751914 690 5663
1525495323 22166 32013650 50402890962 665 6602
1525495324 21644 32000159 51291823043 631 6825
1525495325 22636 31998631 47989840101 708 5691
1525495326 23567 32002101 46588117973 643 5778
1525495327 23079 31993652 47499882650 613 5411
1525495328 22231 32009376 49077883360 747 6049
1525495329 22310 31994637 49519583261 704 6442
1525495330 22727 31999120 49129405748 630 5900
1525495331 21763 32000810 50240417442 614 6749
1525495332 20761 32001621 52511510957 704 5563
1525495333 19942 31999810 55118183850 720 6296
1525495334 20846 31999742 52290570630 795 5800
1525495335 21463 31997987 51292094211 688 6148
1525495336 21823 32007144 50598407958 673 6029
1525495337 23036 31990916 48169041832 583 5958
1525495338 22361 31996154 49295572736 669 5532
1525495339 21951 32012290 50141355542 713 5545
1525495340 22799 31996545 48435797265 648 5675
1525495341 22602 32003556 48791626150 717 5781
1525495342 21888 31990383 50572477609 696 5754
1525495343 22840 32003203 49581651809 602 6026
1525495344 22249 31998426 50786487520 625 6308
1525495345 23265 31996736 48840136548 566 6526
1525495346 23148 32005488 48695314864 655 6238
1525495347 23586 32007377 48221071321 572 8400
1525495348 24778 31993795 44913226501 652 5994
1525495349 22012 32001350 50078817706 586 5907
1525495350 22357 31999198 49666745256 706 7266
1525495351 19992 31994516 55288996846 701 5953
1525495352 23600 32003834 48136217688 477 6230
1525495353 22712 31999161 48846804469 658 6087
1525495354 23117 32008179 49455534709 517 8339
1525495355 19877 31992016 219095084756 627 59789
1525495356 22005 32004521 53683858027 549 40768
1525495357 22350 31991850 50379662318 588 5717
1525495358 22366 31997060 50554332072 621 6690
1525495359 23259 32004234 49716776460 513 8547
1525495360 22032 32001678 51541225598 702 6374
1525495361 22497 31997262 50082221970 648 5787
1525495362 23080 32009553 49896337073 553 6251
1525495363 22953 31991604 50120206386 539 9214
1525495364 22228 32003467 51954841451 637 10960
1525495365 22785 31995990 50943725088 585 11213
1525495366 22755 32003690 52129633058 583 10319
1525495367 21426 31991584 55301773172 611 9646
1525495368 22069 32004911 52628363679 643 8830
1525495369 22733 32002499 50647390791 506 8608
1525495370 21831 31997972 51875091892 723 8891
1525495371 22362 32008894 51052362382 652 9520
1525495372 23240 31989469 51307040223 612 10905
1525495373 22837 32004790 51938202114 537 9265
1525495374 22356 32000617 52924672095 549 9103
1525495375 23071 32009533 48921854399 584 5654
1525495376 22579 31985928 50146191122 619 6240
1525495377 23421 32008778 50272131256 513 9364
1525495378 22034 31992769 55110609465 610 10091
1525495379 22080 31995072 53977402156 580 9576
1525495380 20758 32005717 58305138097 659 9814
1525495381 20871 32000487 55987790593 607 9784
1525495382 20259 31996751 55514834457 643 6229
1525495383 21264 32006177 55259639387 602 12412
1525495384 21907 31997626 52394542910 633 6010
1525495385 21950 31998516 53894180268 630 8782
1525495386 22038 32003734 53092030622 560 8853
1525495387 21900 31998106 53817900758 594 9176
1525495388 22044 31997617 54244270513 535 10876
1525495389 22011 32000262 52805364114 609 5882
1525495390 18492 32004344 495969351136 513 121231
1525495391 22175 31997488 53911600334 565 10905
1525495392 22232 31999321 52144854159 612 5920
1525495393 21547 31992476 53750128060 643 7412
1525495394 21995 32009609 52111901789 657 6009
1525495395 21898 31997224 52437244946 656 10137
1525495396 21747 32001154 54524142498 584 10357
1525495397 21964 32004082 54391942100 596 9049
1525495398 22535 31998134 51566098696 554 5639
1525495399 21759 31986864 52517750772 549 7045
1525495400 21615 32007178 54422962576 576 8927
1525495401 21987 32000275 56262266611 560 9444
1525495402 20755 32011296 55624776588 682 8685
1525495403 21474 31988703 51462963861 603 5363
1525495404 22892 32007508 50566297682 589 9160
1525495405 23847 31998957 46536619467 549 5466
1525495406 21364 31987294 52348143756 686 5905
1525495407 21553 32011935 52854023847 593 5956
1525495408 20613 31993326 245059933372 656 79732
1525495409 16804 30417217 1123296572111 586 186085
1525495410 22136 33580851 386821433861 523 106357
1525495411 22130 32008810 54186863328 570 10329
1525495412 21630 31996806 53063708684 620 7079
1525495413 21837 31999102 54811934886 476 9817
1525495414 21112 31993048 55868660672 491 8995
1525495415 21025 32007427 56639531013 559 10675
1525495416 22399 31997459 53041855965 633 9045
1525495417 20374 31997717 57738059745 671 9594
1525495418 22594 32009297 54067333353 543 9080
1525495419 21041 31998890 57980440562 538 10194
1525495420 22479 32001029 53902208371 562 9715
1525495421 18637 31999269 1152687306043 525 188456
1525495422 22459 31987342 51281723702 562 6734
1525495423 21852 32002694 53992404162 562 6120
1525495424 21985 32010166 54553377770 601 9035
1525495425 18849 31999393 363620589345 530 87001
1525495426 15451 31998363 2756431609369 633 292914
1525495427 22592 32003383 50731373627 647 5769
1525495428 21295 31945346 55175910396 631 9084
1525495429 22558 32049549 52502953213 580 14379
1525495430 22962 31994462 50426250814 572 16781
1525495431 19580 32007021 398300187157 574 106264
1525495432 21674 32005753 55295789015 649 10596
1525495433 21655 31984750 56688266380 510 10343
1525495434 21004 32006498 54912846916 676 5991
1525495435 17407 31897563 1031363921713 677 176862
1525495436 18248 32104320 289812305670 666 70207
1525495437 20551 31992807 56180016039 665 5966
1525495438 21499 32010628 53480508056 604 5756
1525495439 22087 31991631 56670727647 558 10123
1525495440 23340 32002812 51178167252 475 8709
1525495441 21120 32002809 55582750187 677 10274
1525495442 21131 31998188 55906918142 614 9988
1525495443 22224 31994565 54262016171 598 10309
1525495444 21478 31999950 58085909584 637 44724
1525495445 17671 32005413 1238088703675 639 194532
1525495446 17072 32004686 1136743250100 610 185740
1525495447 20620 31998096 105088027856 655 61818
1525495448 21374 32001877 56674772879 573 9581
1525495449 21202 31996410 55051665638 704 6529
1525495450 22692 32004752 52855651100 575 6350
1525495451 21145 31999593 242707426373 523 80096
1525495452 22013 31992562 54722067106 579 10974
1525495453 20972 32005440 215173377814 554 74047
1525495454 22737 31994444 53040497810 520 9207
1525495455 21062 32001747 55271929575 636 6348
1525495456 22688 32006905 52738309411 627 9814
1525495457 18424 32000291 1334659308903 592 202768
1525495458 22513 31996163 50503523117 603 5674
1525495459 21851 31991560 56228327374 629 9497
1525495460 18888 32014227 314485401689 578 84898
1525495461 19816 31988266 305164078370 620 90602
1525495462 22446 32004381 53041570481 657 20248
1525495463 21068 31999325 213434722353 587 95784
1525495464 21382 31994294 57565693974 662 14039
1525495465 18592 27542530 46229088902 584 11102
1525495466 21075 36466009 1148909012625 648 186660
1525495467 15648 31994968 2417890092396 688 273670
1525495468 17391 31996899 550716705025 695 104620
1525495469 21540 32005456 54949193582 581 11125
1525495470 21520 31530867 53351367059 567 9243
1525495471 17014 32466723 1311454763705 541 224365
1525495472 22955 32004995 50647600819 496 6051
1525495473 22463 31997971 54181044223 581 11275
1525495474 21867 31998338 55268825818 572 9007
1525495475 18582 32005036 442864718114 596 112834
1525495476 22887 31992505 50266894867 590 5754
1525495477 21714 32005084 55523965066 598 10522
1525495478 21392 31816735 55246441517 646 10056
1525495479 21734 32178220 55533110074 558 10855
1525495480 22371 32006555 54669328851 618 11626
1525495481 21853 31998733 53381782255 623 8750
1525495482 22101 31985768 51613145694 668 6105
1525495483 22940 32009320 52588148700 536 9606
1525495484 22587 32008672 53886126690 485 9937
1525495485 22814 31992655 50485423899 494 5896
1525495486 21876 32005090 53007552776 549 5696
1525495487 21875 32005241 53406320455 584 6386
1525495488 21852 31994149 54165502927 641 10379
1525495489 22076 32000051 51903740039 631 6072
1525495490 22081 32005646 54475101412 588 10435
1525495491 22353 30500087 47468840383 447 5735
1525495492 0 0 0 0 0
1525495493 21419 65491585 36419592255745 550 1068107
1525495494 22262 31999355 53866701959 508 11188
1525495495 18705 32001364 251239526172 589 57524
1525495496 22296 32006691 52483307137 439 11101
1525495497 21731 31992291 52638718621 680 9688
1525495498 21141 31998826 52701414462 632 5974
1525495499 22075 32004266 54801831030 614 9521
1525495500 22057 31996279 53878094609 533 6188
1525495501 22143 32007727 53684421129 536 6390
1525495502 21510 31992834 54943830374 627 6859
1525495503 23031 32008115 52706788849 547 9842
1525495504 22504 31988720 52947599034 585 6720
1525495505 21841 32003134 57165080958 573 10958
1525495506 21851 32000347 55678473959 601 9582
1525495507 21785 31989911 54708152459 409 6203
1525495508 21673 32016058 56684210346 548 11233
1525495509 21883 31995041 54244574743 629 9674
1525495510 21753 31996745 53649798405 645 11144
1525495511 21498 32006251 54759035141 596 9423
1525495512 21846 32000969 52673837707 501 8266
1525495513 22704 31998362 51046660724 555 5750
1525495514 22417 31993751 52185397741 580 5969
1525495515 22151 32006778 54354651538 592 12191
1525495516 21969 31990133 53397893687 568 6179
1525495517 22776 32005602 54762198620 581 10981
1525495518 21760 32000988 53727892420 571 8472
1525495519 21488 31997084 53944622700 441 6224
1525495520 21629 32007022 54166058514 618 6497
1525495521 22176 31997232 53281535776 532 6155
1525495522 21510 31995290 56012967822 573 11378
1525495523 21889 32003223 54124207667 566 6327
1525495524 18302 31997605 255647478073 548 41403
1525495525 17154 31996088 350327947972 598 49263
1525495526 17504 31059296 280459418910 563 45797
1525495527 17420 32943356 311388037296 504 42993
1525495528 17694 32009829 305477935435 591 41396
1525495529 17483 31994786 315155921332 573 41808
1525495530 14558 32000770 1029706007286 596 161605
1525495531 16757 31052713 248261240911 637 41957
1525495532 17706 32946470 358353466274 561 48374
1525495533 17279 31993178 325693807626 570 41918
1525495534 16439 31430094 333306559102 598 51101
1525495535 17839 32576305 301385854247 554 43240
1525495536 16597 32009134 389745738062 603 47759
1525495537 17562 31830836 327798279256 542 50340
1525495538 16552 32163431 407051706707 544 55234
1525495539 16725 31358128 315859613650 600 48797
1525495540 17429 32628666 381781861698 569 48852
1525495541 16782 32011990 342673955362 582 46437
1525495542 17008 31995754 322020952352 546 46120
1525495543 16520 32003535 382335125721 599 48788
1525495544 17765 32001664 311848206162 557 47223
1525495545 16417 31996229 403725193217 555 55982
1525495546 17153 31991507 371652696045 562 52702
1525495547 16550 32005784 401255296800 530 51085
1525495548 17299 31998667 330549661069 537 48023
1525495549 16262 31996290 388676165912 622 46207
1525495550 16471 32003192 367632053624 576 49963
1525495551 17435 32001371 314466995071 548 47574
1525495552 16928 32002958 293866199670 648 40622
1525495553 17095 31562541 329484442441 515 46513
1525495554 16044 32438137 425601459117 601 55329
1525495555 16909 31988545 353993490853 459 48862
1525495556 16924 31805526 337954679484 561 47016
1525495557 15706 30692227 357047844205 587 53050
1525495558 17045 33516569 398641426487 485 54569
1525495559 17519 31998754 299918647760 581 43292
1525495560 16066 31323678 380477301062 584 59334
1525495561 16772 32673407 453615238223 440 55895
1525495562 17352 31995528 328233093038 567 57356
1525495563 16782 31016673 335231052125 586 46794
1525495564 16631 32980836 412255209620 547 50924
1525495565 14685 32010914 469207266586 586 59511
1525495566 16087 30437828 333706502226 498 49223
1525495567 17338 33561209 432822511791 540 62484
1525495568 16400 31787903 378810965955 484 50472
1525495569 17064 32217027 393539286785 555 57153
1525495570 16406 31097595 394278548787 476 51767
1525495571 16145 32892044 470685143846 475 63677
1525495572 16908 32001988 397588518194 529 52955
1525495573 16196 31982574 357513288182 596 50559
1525495574 16906 32019690 354517547830 589 57801
1525495575 16534 32000037 382485533571 494 55033
1525495576 16945 32009256 405626483356 525 67744
1525495577 16308 31138937 365490181339 539 51022
1525495578 16543 32196595 379459023247 551 50390
1525495579 16572 32651919 449552671161 532 57035
1525495580 16409 32001346 402237531148 407 54293
1525495581 16429 32002085 395550626695 558 51461
1525495582 16273 31995669 433454539255 622 66747
1525495583 16957 31996499 349738718903 583 55802
1525495584 18350 32010541 259954698289 537 46020
1525495585 16632 31146026 345430068758 566 52915
1525495586 17002 32848905 401163637021 580 51887
1525495587 17094 32005012 340949471104 513 49688
1525495588 16237 31998517 408169764791 471 58210
1525495589 16584 31959043 389444636867 526 60667
1525495590 17321 32039516 337741136462 525 47894
1525495591 16938 32002584 340657070402 539 51599
1525495592 17049 31999785 389502944027 511 51091
1525495593 16905 31991831 379713962385 522 54546
1525495594 18456 32008876 265329220410 590 41417
1525495595 19018 31992706 245124749830 543 38815
1525495596 16737 32011810 387881401812 564 51106
1525495597 17073 31986555 336943648949 560 48214
1525495598 16456 32001988 389554926724 565 61185
1525495599 16809 31999191 319352880747 546 50955
1525495600 15704 30368112 339909844014 549 70352
1525495601 16435 33638191 431823853803 595 65813
1525495602 16816 31996997 335237946735 569 49574
1525495603 16099 31991294 404456943362 585 54337
1525495604 16451 32000462 372118172696 590 55718
1525495605 16336 32008977 396987690509 576 57659
1525495606 16371 30911118 346184044790 470 55727
1525495607 16696 33089822 421340342160 573 59130
1525495608 16760 31994848 345968633062 541 54579
1525495609 16436 32006185 367723364123 634 51556
1525495610 16379 32002497 415961807019 543 57081
1525495611 15696 31992534 441346696634 631 61000
1525495612 18056 32013656 253532180814 558 46759
1525495613 16788 31984038 384164436054 553 53931
1525495614 16543 32007269 362963819425 586 53413
1525495615 17557 31999329 291347618233 602 44270
1525495616 17472 32000883 332976124953 548 48749
1525495617 16990 31991190 353964541428 456 52833
1525495618 16525 30431136 319805130328 556 53144
1525495619 17245 32935945 374776989349 603 52413
1525495620 17345 32475899 317404526795 524 46728
1525495621 17117 32164608 351366237812 578 56155
1525495622 16527 32003536 397641776620 610 53384
1525495623 16929 31987022 335256541842 571 48917
1525495624 17660 32005805 257501585705 549 41360
1525495625 16285 31998589 337811339455 648 47026
1525495626 17339 31999713 318946843775 606 47173
1525495627 17273 31993747 307046060071 632 50772
1525495628 17102 31950683 386916395357 608 56739
1525495629 6500 10684856 70315524826 632 44108
1525495630 0 0 0 0 0
1525495631 0 0 0 0 0
1525495632 0 0 0 0 0
