1525282901 0 0 0 0 0
1525282902 17024 32387901 568741089319 625 140963
1525282903 20310 31996876 54888202424 790 9175
1525282904 20879 32009373 51518594263 783 5367
1525282905 20904 31997878 54316963306 813 9309
1525282906 13180 27611796 1127913220150 803 237289
1525282907 192 34303564 6461898304526 102066 312450
1525282908 139 29538501 6280333612391 202937 217986
1525282909 149 32163483 6943335836439 212662 218750
1525282910 21031 36380635 802615272225 798 215355
1525282911 15838 31994061 1564815957071 601 218753
1525282912 21113 32010435 53810856291 760 9120
1525282913 21141 31996743 55148309241 778 9127
1525282914 20824 31998026 55635251294 689 9404
1525282915 20952 31999467 52866422243 666 9103
1525282916 20974 31996060 51712101462 771 6817
1525282917 20580 32001128 57547658790 743 9227
1525282918 20957 32003216 54051718792 777 9447
1525282919 12230 26053238 1071554784776 734 202667
1525282920 5670 37947331 5846630400681 818 256008
1525282921 21131 32005372 53666679974 790 9706
1525282922 21025 31986891 55249919739 620 9378
1525282923 20522 32004940 55471994870 710 9649
1525282924 21478 31993664 54351458510 731 9517
1525282925 19884 32009248 106356704382 658 47370
1525282926 21269 32004347 56147037081 732 9706
1525282927 20845 31998018 57347051982 686 11059
1525282928 21160 31846328 53278408272 696 9998
1525282929 20648 32151317 57927575991 690 9168
1525282930 21141 31998303 55107489847 727 9189
1525282931 20480 31996444 56715619836 801 9756
1525282932 21357 32007189 51865262397 706 9412
1525282933 21277 32000299 53586699865 794 8988
1525282934 21266 31999997 54972065493 729 10669
1525282935 16887 32000694 506118471372 675 133914
1525282936 21601 32000982 52445148044 773 9413
1525282937 21442 32000202 52585957774 728 9156
1525282938 21278 31991644 54216263696 701 8832
1525282939 21000 32009697 52594195529 749 9021
1525282940 21316 31995385 53173140385 783 9424
1525282941 21450 32001693 52252773723 621 9634
1525282942 20888 31992465 57283243347 794 9842
1525282943 20949 32000726 52933445598 817 9231
1525282944 20663 32002656 55519347998 734 9244
1525282945 20291 32001109 57272822511 749 9444
1525282946 21481 31999865 53121369217 719 9198
1525282947 20822 31999184 53086036618 697 9253
1525282948 20304 31993892 53133133758 898 6002
1525282949 20552 32006995 56701229487 789 9299
1525282950 21634 31997147 52786856629 725 9334
1525282951 20957 31997777 54268164529 767 9444
1525282952 21022 32003797 52554194255 730 9018
1525282953 21581 31994995 52758464807 680 8889
1525282954 21198 32008243 52303176883 690 11049
1525282955 20984 31995842 55727836448 703 9362
1525282956 21052 31996744 55633330948 686 9363
1525282957 21376 32003309 54735403979 742 9135
1525282958 21196 31966981 55235228105 789 11516
1525282959 21604 32034381 54820944545 726 9624
1525282960 21969 32001118 53529234220 718 8977
1525282961 21391 31991903 53384938511 737 8989
1525282962 21134 32011071 55707294375 737 9000
1525282963 21048 32001522 58366660804 650 10758
1525282964 21425 31991253 53221572117 742 8623
1525282965 21335 32006061 53708868395 725 9506
1525282966 21426 31993025 52980983449 595 9052
1525282967 20486 32001698 53045693538 753 5717
1525282968 21143 32002581 52696102051 698 9318
1525282969 22169 31996683 49186205797 745 5941
1525282970 17184 32005050 792939286764 770 148355
1525282971 21861 31995953 50773319533 737 9155
1525282972 21022 32001380 55865519316 649 9444
1525282973 21638 31998125 49956302041 703 5975
1525282974 20324 32002033 55854085321 867 9190
1525282975 22008 32004042 50922778352 722 9526
1525282976 21641 31995543 52611961159 701 8961
1525282977 21744 32005543 52704315547 689 9508
1525282978 21225 31994041 55445371943 717 9741
1525282979 22183 32003425 50562335511 708 9294
1525282980 20434 31994359 56301242275 762 10119
1525282981 20305 32003769 53516428857 864 6170
1525282982 20288 32002998 54685051486 754 9339
1525282983 21169 32000672 55621167898 786 11254
1525282984 21434 31993023 53250630905 728 9477
1525282985 21613 32000578 52667300952 702 9149
1525282986 21563 32006859 53298445619 741 9610
1525282987 21155 31991147 54215035167 700 9434
1525282988 22091 32008518 50812813920 757 8892
1525282989 21344 32000432 53448396258 782 9010
1525282990 21617 31999271 51843677675 722 9004
1525282991 21649 31993546 51559017546 737 9444
1525282992 21145 32004165 52894082369 762 9868
1525282993 21780 32000119 52308121645 651 8953
1525282994 20462 32006448 52752222442 717 5478
1525282995 20616 31998333 53921647373 809 9433
1525282996 20972 31994501 54524554427 810 9434
1525282997 21329 32001674 52811349248 715 8950
1525282998 20399 31998107 57780213961 671 9265
1525282999 21191 32003402 51636509794 658 5969
1525283000 20961 31996423 51814773057 816 5849
1525283001 20919 32000072 52083417388 815 5965
1525283002 21304 31992691 52551447753 671 8959
1525283003 21531 31956492 50822287396 775 5832
1525283004 21676 32050171 55103777831 740 9090
1525283005 18291 30458634 305604025950 641 85720
1525283006 21273 33539786 203969026290 749 103868
1525283007 21465 31998124 55550731148 665 11231
1525283008 21971 32011901 53149683971 672 11389
1525283009 21393 31990329 56040726217 694 11393
1525283010 21751 32002156 50611416402 766 6222
1525283011 22963 32004207 49266309555 654 9675
1525283012 21795 31994488 50868762838 712 6475
1525283013 21978 32001647 49900335111 645 6979
1525283014 22000 32004910 50057583000 657 6421
1525283015 22173 31994432 51032081266 714 9700
1525283016 21408 31998206 54110654188 726 11769
1525283017 21201 32001318 54708746854 661 9509
1525283018 21813 31999851 52502777923 709 9030
1525283019 21997 32004921 53395206089 701 9495
1525283020 20023 32004017 57154573901 703 11470
1525283021 21373 31997047 53896322003 687 11023
1525283022 21141 31999134 55393749518 696 9850
1525283023 21332 31991098 56814245268 591 9447
1525283024 21720 32009679 51380824615 673 7698
1525283025 21119 31991838 54183725430 666 9784
1525283026 21721 32000856 54442726864 656 11150
1525283027 21951 31993784 53810355290 665 10261
1525283028 21508 31880774 52083886606 718 5785
1525283029 21617 32129016 59470155328 675 10319
1525283030 21587 31997250 53169621798 613 9296
1525283031 20515 31999950 60630469484 511 9977
1525283032 21482 31996139 54363402175 572 9395
1525283033 21471 31998918 53394601850 738 10285
1525283034 22604 32006494 49153661540 642 5954
1525283035 22218 31997933 52469217597 628 9747
1525283036 22642 32007286 51481836250 662 8888
1525283037 22542 31989997 50943209083 689 9983
1525283038 21769 32003934 50749970026 607 5793
1525283039 22288 32000752 51835793486 619 8868
1525283040 21370 30892029 70654313983 677 47047
1525283041 19058 33109635 383347511231 756 96572
1525283042 21962 32000099 50519846313 623 6492
1525283043 22477 31999338 50609979022 664 6819
1525283044 22115 31999035 51332871997 701 5857
1525283045 22154 31995103 53753686311 559 11327
1525283046 22506 32008500 52179643068 631 8977
1525283047 22651 31993462 50483732978 615 5723
1525283048 22160 32004271 52429319027 610 8448
1525283049 22576 32006665 51002334987 593 9066
1525283050 21552 31996356 53877542150 601 11389
1525283051 21893 32000310 53259483800 649 8732
1525283052 22335 31995426 50773411182 685 5888
1525283053 22048 32003810 54283670510 647 9960
1525283054 21837 31993776 51368157402 673 5647
1525283055 21529 31999431 56656624201 655 10551
1525283056 22218 32003088 51580165782 606 5987
1525283057 21679 31996065 54115252423 649 11113
1525283058 22246 32006412 52988054740 572 10342
1525283059 21754 32001298 54630981590 580 9119
1525283060 21952 31995606 50423763498 622 6050
1525283061 21674 31998502 52329674280 632 9165
1525283062 21384 32002162 52876276114 684 8876
1525283063 21397 31894081 51302066885 697 5723
1525283064 21740 32098489 53390467187 626 8873
1525283065 22093 32001502 53811294840 614 9506
1525283066 22146 32003375 53778329083 612 9353
1525283067 22289 32002006 52197987726 579 6237
1525283068 21820 32000989 54098544863 662 8804
1525283069 21008 32000709 55128281553 646 9372
1525283070 21788 32005196 55448956132 597 10834
1525283071 22078 31997763 53741861683 692 10323
1525283072 22223 31998695 53769202777 629 9834
1525283073 20997 31992728 57991416802 616 9792
1525283074 21430 31995268 57301584138 657 10613
1525283075 22118 32007621 54243018361 582 10596
1525283076 17071 31993702 423992430958 658 88609
1525283077 21485 32004640 54753934174 585 8611
1525283078 21865 31995409 53716608111 552 8862
1525283079 22038 32008660 52220922402 568 5922
1525283080 21138 32001489 56128755893 613 9138
1525283081 21593 31991314 56338313948 649 9235
1525283082 21657 32005330 55038899732 610 9265
1525283083 21631 31993163 55408091307 619 9106
1525283084 20488 32014377 56506120083 589 9184
1525283085 21966 31996896 53125839468 651 6547
1525283086 20409 31987114 59771449638 633 10890
1525283087 20547 32011868 58100023648 684 11167
1525283088 21867 31936411 55464047307 600 9579
1525283089 21283 32059055 55022543285 631 9882
1525283090 21878 32006110 52261768036 614 6021
1525283091 21300 31994693 54180155237 565 6112
1525283092 20653 31999785 57462148805 616 9670
1525283093 21172 32000581 53662804161 610 6079
1525283094 21907 32004243 54406749575 652 10195
1525283095 22314 31990377 51652226811 632 9010
1525283096 22479 32007049 51372937003 625 9113
1525283097 22119 31989849 53228324979 607 8825
1525283098 21989 32020207 53278283743 650 6111
1525283099 21668 31986211 54796203019 551 9193
1525283100 21565 31999536 58677706608 594 11146
1525283101 21180 30185566 50238885546 595 11852
1525283102 13954 33819155 5939862658553 676 430612
1525283103 21446 31999370 54217319744 611 8990
1525283104 21718 31985201 55751603335 596 9701
1525283105 21883 32009404 51798809454 675 5925
1525283106 21916 32002445 53973330623 618 10439
1525283107 21907 31998180 53454820408 582 9745
1525283108 22145 32001017 53172936327 608 9149
1525283109 21660 32000089 55795043177 639 9594
1525283110 21347 32004813 56315532909 662 9428
1525283111 18655 31995609 540262934427 528 127079
1525283112 20177 31997932 55799478414 662 6156
1525283113 20319 32002398 57172037192 655 10115
1525283114 22339 32001121 52864412557 516 9021
1525283115 22525 32002129 53267602271 585 9496
1525283116 21791 31999136 55610403532 605 9583
1525283117 22204 32001218 52651186990 653 9045
1525283118 22579 31999049 51623062959 609 8985
1525283119 21405 32000002 55524565708 646 9698
1525283120 20714 32002572 55394910622 666 10011
1525283121 21683 32002913 53385086449 658 9216
1525283122 21443 31997855 54346039843 607 8789
1525283123 21973 31994648 54989360740 589 10161
1525283124 21789 32000821 54123054343 624 10190
1525283125 21538 32000262 53070159264 645 6059
1525283126 20485 31999188 55874077608 719 10965
1525283127 20546 32002320 56570047340 691 10750
1525283128 22358 31996085 52095784929 656 9167
1525283129 22192 32002538 51332025756 665 5835
1525283130 22400 31994892 50591349262 578 5448
1525283131 22146 32005181 55881579413 567 10243
1525283132 22581 32003203 51322313753 653 5648
1525283133 21649 31998151 53446127517 522 6073
1525283134 21233 31998143 54320864243 635 6198
1525283135 22546 32000386 51063321626 648 5992
1525283136 22377 32004145 52612628325 637 10342
1525283137 21038 31997031 53789406259 637 5847
1525283138 21697 31990001 52561333323 698 9536
1525283139 22316 32012242 52755799714 612 8881
1525283140 22119 31992646 54477537502 542 9698
1525283141 22310 31999485 53581854335 581 9693
1525283142 22205 32009913 52713200939 554 5924
1525283143 21567 31997778 54108601328 660 6848
1525283144 21227 31999643 54748276563 682 10899
1525283145 21330 31994933 52815614637 699 6352
1525283146 19483 32000341 403399949267 557 110667
1525283147 22701 31997255 50208924143 668 5918
1525283148 22372 32002047 52106034899 541 6271
1525283149 22834 32002742 50901958886 558 6254
1525283150 21574 31992254 54800317860 654 10263
1525283151 21598 32010961 54299026371 605 9253
1525283152 20946 32001457 58671220795 628 60369
1525283153 22472 31994500 53788724676 585 9819
1525283154 21474 31995419 55048522147 614 9368
1525283155 21320 32003311 56222131471 642 10759
1525283156 22447 31997397 51971127219 592 5834
1525283157 22269 31997245 52988511245 578 6430
1525283158 21401 32002502 56440007744 522 9744
1525283159 20641 31999161 57958395809 540 9507
1525283160 20862 31999403 58641353439 621 10984
1525283161 21883 32004098 55771212110 574 9642
1525283162 22108 32002274 51635282890 612 6047
1525283163 20226 32003983 290874190809 654 88310
1525283164 22153 31997517 50708441681 647 5450
1525283165 21385 32007701 56421840099 660 11197
1525283166 21905 31985851 55009279421 617 9193
1525283167 22247 31997964 52289404454 603 6160
1525283168 22323 32009194 51830280342 530 5697
1525283169 22349 31999213 50961538457 660 5813
1525283170 22311 32001995 51152424359 639 5793
1525283171 21318 31998259 53228434081 705 5489
1525283172 21812 32002497 55401594791 609 10086
1525283173 22315 31996594 53620189186 609 9243
1525283174 14253 20192442 32402773656 333 6390
1525283175 7461 43810849 34722756954021 636 1044143
1525283176 22303 31997499 52893173855 606 5640
1525283177 21156 31993459 55699235959 563 7101
1525283178 20532 31998950 55952210158 587 6658
1525283179 20167 32004385 56670559843 606 5627
1525283180 19742 31999969 58468312391 673 6359
1525283181 19511 31997786 233136772782 580 62733
1525283182 21557 32006162 56458404252 570 8993
1525283183 22006 32000352 54772213170 622 10909
1525283184 20885 31990729 57485043629 608 11101
1525283185 20701 32009521 55526942617 703 6100
1525283186 22610 31996763 50171810347 634 5540
1525283187 22401 31995140 51711959578 591 5936
1525283188 22657 32002604 53113466908 579 12268
1525283189 22323 32000524 52343012698 524 6686
1525283190 22010 31997485 54476140595 592 10235
1525283191 22014 32004584 55814003914 640 11751
1525283192 21069 32003601 58207993511 622 12385
1525283193 22449 31998228 52142918860 607 8571
1525283194 21638 31979168 56880293542 526 11103
1525283195 22080 31960098 53356925488 630 6249
1525283196 21906 32054047 56301211549 489 9688
1525283197 21969 32002768 55842509034 428 10352
1525283198 22027 31994817 55078205757 604 9899
1525283199 21446 31998528 56584850800 598 9658
1525283200 21494 32008228 54104270482 641 9141
1525283201 21289 32001432 54227156534 651 10362
1525283202 21732 31999143 54253891975 613 9391
1525283203 21811 31999692 54430283598 602 9776
1525283204 21289 32003255 57555145499 605 9142
1525283205 22362 32004308 53224252152 637 11222
1525283206 21814 31994045 53237261869 543 5889
1525283207 19212 31996276 224658248564 627 37970
1525283208 16892 30810265 316846660349 599 51837
1525283209 17810 32285200 310446396704 549 42542
1525283210 17514 32902116 314577304972 672 44988
1525283211 17653 32009753 337016788839 638 48350
1525283212 17291 31991191 316454307867 594 42330
1525283213 17060 32007065 349176268729 546 47545
1525283214 17611 31103759 252662777331 602 40163
1525283215 17682 32877175 303751455637 606 44673
1525283216 15557 31684795 887818463125 618 147748
1525283217 16385 32330230 334279144910 641 47613
1525283218 16940 32003297 276774163235 626 43002
1525283219 18091 31993932 278877033152 654 47480
1525283220 17922 32006415 302147444073 577 40984
1525283221 17464 31997145 306618766123 602 47872
1525283222 17364 32000375 304304687961 624 42230
1525283223 17606 31762255 277713509637 519 44154
1525283224 16676 32234565 350686858747 594 45260
1525283225 17482 32005867 331076469985 626 44880
1525283226 17800 31531217 289478427113 575 47503
1525283227 17210 32461523 339902229605 672 47383
1525283228 17523 32005530 316367333218 575 46396
1525283229 17553 31998664 280175527274 683 43041
1525283230 17150 32001785 346396478893 566 52029
1525283231 16944 31805969 402253459843 551 53498
1525283232 16469 32193406 407586853350 660 50407
1525283233 17421 31419634 328997685682 592 48398
1525283234 16735 32568635 352099355087 615 43213
1525283235 17480 32011569 331165992299 603 53801
1525283236 16352 32002578 396631822094 593 47872
1525283237 17611 31993338 309278722496 650 44699
1525283238 16734 32000390 370510188998 561 47174
1525283239 17406 31994839 306702433221 688 51197
1525283240 16669 32007908 359853083704 551 46844
1525283241 17279 31997204 329387168072 668 49410
1525283242 16745 31703603 384180094829 681 62868
1525283243 17165 32296813 371066854843 583 51596
1525283244 17264 32003417 321529765499 605 45928
1525283245 16249 31126322 417799916578 610 55651
1525283246 16263 32860025 508828887673 549 59534
1525283247 16674 32013525 448031245515 698 60312
1525283248 16946 32002847 350146303741 653 49829
1525283249 16677 31999047 391588519207 646 57982
1525283250 16828 31994504 415737806816 629 58390
1525283251 15089 32006432 556737308202 636 70932
1525283252 16603 31993927 393467968673 603 52226
1525283253 16770 32009286 342337200408 593 47714
1525283254 17327 31998522 290232237244 637 45191
1525283255 17629 31914315 307301383701 540 47056
1525283256 17082 32072974 372705820750 674 59716
1525283257 17216 32015967 412067409025 499 57880
1525283258 16661 31999600 396834189436 553 56974
1525283259 16470 31596129 389362967275 659 60540
1525283260 16302 31924615 446794646661 635 56167
1525283261 16269 31939757 454703222077 598 60011
1525283262 16282 31618285 457072422309 630 59994
1525283263 17310 32914232 378627448478 634 53056
1525283264 17505 32001943 325764211153 560 48300
1525283265 16261 31994307 403895740615 628 54974
1525283266 16434 31997116 388138542832 652 54700
1525283267 17729 31681121 277218632025 709 45202
1525283268 16612 32324410 450918617816 592 54182
1525283269 17889 32004294 285844269746 685 45189
1525283270 16567 31993768 382917615790 648 51547
1525283271 17272 32003851 326989021313 701 58201
1525283272 17202 31082949 280776558075 539 46545
1525283273 16781 32118430 384948003522 695 58009
1525283274 16775 32795555 398104989221 595 58958
1525283275 16961 32002511 372765367939 531 61907
1525283276 17240 31993548 350015870620 608 51449
1525283277 17378 31992360 345233523866 696 53027
1525283278 17116 32007816 380384833026 639 54300
1525283279 16523 32010561 415273557235 632 50901
1525283280 16977 31994241 361675179347 628 50595
1525283281 16730 32003440 364986508704 661 54326
1525283282 16819 31981147 361293697945 349 48934
1525283283 17044 32007548 375655458930 523 53660
1525283284 16251 32002013 432695919519 583 55683
1525283285 16250 32009428 529669929426 686 66463
1525283286 15635 31993718 471819178446 552 59310
1525283287 16489 32005035 441748878805 566 57250
1525283288 16734 31013661 337362742217 661 53665
1525283289 16894 31560700 342287897330 679 53892
1525283290 16777 32302296 417851256708 573 56896
1525283291 17163 32833373 406087647841 475 58239
1525283292 16214 32254710 448811613144 604 58074
1525283293 17060 32019746 379071517586 507 62828
1525283294 16968 32009413 383438930361 642 55918
1525283295 16478 32002665 380449896801 445 53879
1525283296 16806 31824225 391076447471 655 61461
1525283297 17148 32179473 382413062971 557 52310
1525283298 16201 31957697 410166317735 561 59868
1525283299 17392 31225970 309128809334 600 49980
1525283300 17063 32047767 355440807337 463 52023
1525283301 17153 32653997 343572394509 639 51987
1525283302 17105 32108318 317300461966 518 48339
1525283303 17375 32004265 378244101667 659 53594
1525283304 17159 31994423 384263273863 533 58194
1525283305 16422 32006313 438876186851 627 55494
1525283306 16289 32002161 414796311017 620 51828
1525283307 17350 31999082 394599144468 621 58124
1525283308 17289 32005842 364755685624 667 52554
1525283309 17940 31994403 303517100575 680 45083
1525283310 17106 31995006 375314924672 584 54767
1525283311 9664 17566082 179402939154 608 54000
1525283312 0 0 0 0 0
1525283313 0 0 0 0 0
1525283314 0 0 0 0 0
