1525543131 99 16997887 3679912810865 57336 315694
1525543132 192 37384526 7291629069336 104036 203152
1525543133 5357 32117125 4194771037833 818 203900
1525543134 20944 32001588 54504795422 758 8583
1525543135 21352 31994730 52403852016 759 9098
1525543136 21535 32001021 55123694983 678 9811
1525543137 21473 32006237 53853056105 732 8826
1525543138 9411 29365904 2512737915784 722 229593
1525543139 241 31546222 5254402154528 51576 281933
1525543140 160 31847084 6460041495696 187021 287605
1525543141 174 33497331 6451139091013 186526 198225
1525543142 156 30017037 5822469407329 184429 383260
1525543143 179 34407885 6679896911813 184349 382904
1525543144 159 30377891 5813674086955 185867 285783
1525543145 172 32780726 6318364937032 156668 378013
1525543146 272 32915043 4488026956257 72749 294720
1525543147 320 30662098 3117845110640 57860 122640
1525543148 1971 34574634 3818861087632 811 185655
1525543149 22064 32009646 52531326588 740 23111
1525543150 21172 31995802 50628156680 744 5442
1525543151 22110 32004330 52353130324 611 9007
1525543152 21367 31990669 56591984547 660 11585
1525543153 14896 30736750 622290899606 745 94457
1525543154 352 31447872 2838624951460 78921 110640
1525543155 13000 33817425 1467973127341 793 147987
1525543156 19477 29566146 52292023532 758 9079
1525543157 5187 34441269 22464837080101 601 838364
1525543158 21288 31998395 52824047131 707 9814
1525543159 21292 31989744 53779338832 787 8781
1525543160 7575 32008785 1663837198509 747 107124
1525543161 20875 32002075 55926030407 556 10925
1525543162 20885 31998374 55263732344 736 9356
1525543163 21789 32003739 53457360271 740 9098
1525543164 21310 31991422 53191708794 727 9276
1525543165 19896 32003787 124582615975 772 54146
1525543166 21492 31999532 55427508030 729 9081
1525543167 22056 32006624 51481274170 673 8682
1525543168 21048 31992668 56581903950 727 9604
1525543169 20591 31998601 54904911459 709 10103
1525543170 21520 32004565 51153220839 795 8470
1525543171 21946 32001178 51734834758 719 8793
1525543172 22180 31996794 50820957382 718 9003
1525543173 21895 31996898 51960255622 703 9112
1525543174 21709 32000390 54899576800 703 10122
1525543175 21820 31998931 54665767949 644 10501
1525543176 21712 31999151 57735285959 550 14924
1525543177 21944 32007483 51732737825 765 8900
1525543178 22143 31993517 48901307503 714 5686
1525543179 22261 31999844 51232928120 709 9125
1525543180 21880 32003992 51908970244 705 9050
1525543181 21873 32002488 53050615438 667 9063
1525543182 21523 31978045 55585239321 711 9620
1525543183 16876 32015952 1817647218942 710 236988
1525543184 21739 32006395 53659421021 715 9287
1525543185 22232 31997159 49805805443 721 8971
1525543186 21320 31999412 54584748348 741 9919
1525543187 21448 31992947 53185966903 743 9948
1525543188 21961 32008307 50721444391 679 9316
1525543189 21911 32000629 52052680833 722 9001
1525543190 22097 31995497 49009394599 719 5984
1525543191 21895 32005473 53069424479 662 9038
1525543192 22002 31999622 53142677726 750 9453
1525543193 21814 31993951 52333804173 674 9014
1525543194 21554 31998447 55496395431 628 8937
1525543195 22323 32005428 49568141174 746 8537
1525543196 22164 32001153 50288792849 785 9708
1525543197 21727 31997360 52221504554 774 10780
1525543198 21566 31998284 54113436996 470 9325
1525543199 22384 32001456 52597379716 719 9467
1525543200 18727 30570967 199062909191 703 72202
1525543201 22302 33434874 139716263476 626 80827
1525543202 21586 31994288 54176188964 704 9116
1525543203 21961 32000302 50685791190 749 9354
1525543204 21384 31998401 53486299887 748 9372
1525543205 22421 32003691 50259531473 692 10325
1525543206 22459 31996723 51121291571 677 10926
1525543207 22206 32001837 53144714069 731 11723
1525543208 21828 31991587 51401682755 646 9098
1525543209 21169 32010946 54315336736 774 10339
1525543210 22019 31994936 62704299386 670 20099
1525543211 21465 31995950 52258295948 753 8792
1525543212 21780 32012190 54500959674 698 11760
1525543213 21964 31991775 52672415425 647 11177
1525543214 21501 32001230 52741679352 620 11705
1525543215 21344 31999520 53883271968 706 9674
1525543216 21802 32001257 53002960563 710 10712
1525543217 21482 31995866 52402429678 768 9044
1525543218 21659 32004733 51037193431 767 6270
1525543219 21754 31998352 50857360882 630 5881
1525543220 21704 32007597 52358280287 738 8957
1525543221 21500 31999581 54268001273 731 9327
1525543222 22211 31991383 50562561933 660 9143
1525543223 21328 31993376 53533779156 772 9784
1525543224 21235 32010477 51379428191 735 6186
1525543225 21484 32000300 52713412616 642 8644
1525543226 19034 31999068 654645505388 685 138859
1525543227 21587 31997277 53642634489 707 10213
1525543228 20604 32002387 53235086773 759 6106
1525543229 21250 31993337 53009430835 740 10310
1525543230 20914 32011306 52928346328 807 6115
1525543231 21230 31997298 54446201406 718 9622
1525543232 22191 31994521 49809445777 642 5787
1525543233 22136 31998691 50374527031 632 6497
1525543234 21908 32003091 52214946819 641 9632
1525543235 20679 30810094 58038235214 705 20482
1525543236 19246 33195401 559154903487 637 115889
1525543237 21807 31988941 52358236579 644 10231
1525543238 21497 32004070 54783366886 720 8985
1525543239 21933 32002051 53358443761 658 9933
1525543240 22184 32002521 51128718113 734 9937
1525543241 22406 31996760 50156453814 655 6152
1525543242 22337 31996950 50853322832 626 8662
1525543243 21670 32003262 52016675690 701 8973
1525543244 21568 32004508 51938484738 607 6667
1525543245 22389 31991908 51469085850 693 8543
1525543246 22059 32007890 52294501704 647 8817
1525543247 22669 32002897 49642603539 701 5671
1525543248 21492 31992965 55854163513 591 9384
1525543249 19362 27042093 42703377311 700 8963
1525543250 21089 36960729 1690419795611 626 227653
1525543251 22401 31999052 51431605534 707 9448
1525543252 22661 32004403 48136730045 598 6038
1525543253 21059 31992442 54319835274 699 9220
1525543254 21920 32003995 53298454367 699 8999
1525543255 21605 32003311 54123680517 682 9116
1525543256 21783 31992609 50558133645 641 5875
1525543257 19527 32002877 55794688653 867 5695
1525543258 22345 32002961 52436383427 621 9567
1525543259 22712 31993493 51650065773 590 9976
1525543260 22526 32002698 52546034280 597 9740
1525543261 22111 31999517 54351705947 648 9131
1525543262 20953 32002684 58388219656 685 54633
1525543263 22019 32000821 51050744193 631 5651
1525543264 21627 31995325 53871509189 630 9294
1525543265 21107 31864613 54135333529 581 9121
1525543266 22380 32146558 55818072460 625 11456
1525543267 21327 31986705 53571861647 621 9326
1525543268 21743 32011038 52595902528 566 9022
1525543269 22505 31994370 51408713060 677 11415
1525543270 22238 32005658 52381975726 637 9517
1525543271 20274 31985689 265018734117 643 75954
1525543272 14433 32011319 3286539294161 750 319735
1525543273 21921 31992778 50155879458 678 5615
1525543274 22282 32001464 55109391822 564 11107
1525543275 22768 32002263 50486239603 608 6230
1525543276 22165 31999752 52820908174 596 8801
1525543277 21071 32006642 54236936062 596 7181
1525543278 21307 31995905 53228808975 552 6476
1525543279 22143 32004389 54494483623 667 9624
1525543280 21201 31994677 53482080907 575 6527
1525543281 20948 31996996 56620117930 665 9119
1525543282 21791 31999077 53195816181 601 9420
1525543283 22282 31998752 54144653564 642 10867
1525543284 22369 32002266 51673659694 575 6356
1525543285 22509 32004635 52596867593 621 10108
1525543286 22247 31988084 53878891686 611 8994
1525543287 22049 32013278 53700461832 601 9072
1525543288 16959 31997700 1690272710922 642 229413
1525543289 21821 31994536 52292734100 633 9579
1525543290 22190 32004320 55770903138 650 11385
1525543291 21828 31996539 54457879919 574 10399
1525543292 21957 32004812 54034339288 530 9184
1525543293 22395 31991422 53481827632 620 8708
1525543294 22430 32006916 53619471270 599 9627
1525543295 22155 31995115 53689042621 536 10336
1525543296 20811 31999088 59289370754 590 17489
1525543297 22645 32000689 50958727517 591 10606
1525543298 22635 32006374 51228196056 584 13711
1525543299 22971 31998872 48309131818 627 5654
1525543300 20315 32000349 56968079729 697 9545
1525543301 22221 32006787 59422545107 631 17160
1525543302 16939 31988298 2031199746598 641 251175
1525543303 23203 32001810 48619471644 591 5892
1525543304 22481 32005523 51013191767 648 5789
1525543305 22451 31993359 52891326943 559 10511
1525543306 18008 32002632 558073018758 591 125094
1525543307 22203 31998479 54829862955 613 11498
1525543308 21904 31998344 54417369582 647 9146
1525543309 22349 32005630 53519154660 607 9977
1525543310 22371 31997582 51482201406 592 8936
1525543311 21012 30309587 47269915321 643 5450
1525543312 16919 33690883 2616508659099 655 284894
1525543313 22832 31996200 50707965728 521 27270
1525543314 20626 32006669 55932375493 706 5970
1525543315 21265 31991310 54953891264 547 8507
1525543316 19667 32003856 199597015452 682 69702
1525543317 20702 31996584 54361330218 673 6005
1525543318 17034 32003975 1877666255409 624 241576
1525543319 22306 32000907 52550992317 612 9285
1525543320 22801 31996573 51687724977 602 9536
1525543321 19981 31998431 277790143091 606 87065
1525543322 15114 32006595 3383716134107 679 324559
1525543323 19543 31997969 901943955135 584 165050
1525543324 22209 31999355 57995131547 594 16425
1525543325 16881 31997486 1645462464776 602 224999
1525543326 21389 32002704 56066672566 532 11722
1525543327 22650 32001846 51410818736 650 6120
1525543328 22553 31992026 52656852208 621 11403
1525543329 22580 31995521 51179242717 551 15650
1525543330 15861 32008358 2642036594210 548 290732
1525543331 21496 31997192 51281312304 663 5629
1525543332 22626 32003253 50900545391 585 9317
1525543333 22810 31995163 51466895821 572 8620
1525543334 15242 32003280 3501502935366 674 330167
1525543335 21443 31999376 53785343526 580 8385
1525543336 21980 32003522 54525853080 606 10724
1525543337 22682 31999914 53642127770 612 10462
1525543338 22570 31998180 53035915148 565 10718
1525543339 22758 31996525 52223011225 524 10645
1525543340 22210 32005696 54193927768 569 8312
1525543341 17802 32001105 393519613165 664 92732
1525543342 21687 32005871 53685842897 587 10001
1525543343 22110 31991765 53442212943 613 9598
1525543344 22207 32005456 53432060512 629 10386
1525543345 21769 32001554 56335569506 600 9175
1525543346 22389 31995465 53094000497 603 9042
1525543347 22351 31998180 53028057728 583 8881
1525543348 20872 32005271 55514094761 674 7392
1525543349 22403 31995485 56965868841 518 61296
1525543350 20386 30789322 50979799146 684 6391
1525543351 17358 33207031 2058392853743 653 253767
1525543352 21497 31999622 55680811026 608 10615
1525543353 21335 32006197 55881275353 625 8994
1525543354 16732 25432910 49418789356 595 15985
1525543355 18473 38562401 3977286306837 657 352848
1525543356 20052 32008204 308090206084 543 89384
1525543357 21817 31997873 53331677105 594 35205
1525543358 23487 32002202 48392242622 481 6047
1525543359 18918 31992685 995485429591 649 173969
1525543360 16336 32006968 2259842434458 594 265905
1525543361 22505 31996616 49652401816 605 5639
1525543362 18273 31996094 760895237490 724 151191
1525543363 20330 32001516 54573414940 780 6037
1525543364 21442 31990059 53298732265 534 5950
1525543365 16996 32010580 2081032098964 553 254798
1525543366 22446 32002201 53723931963 525 14570
1525543367 12284 32000270 6842479948384 559 462354
1525543368 22392 31995592 51335704598 495 5964
1525543369 21529 32003418 55317104778 617 9377
1525543370 17857 31999466 1637208828770 615 225374
1525543371 17870 31996268 1168908751924 574 190923
1525543372 22371 31999958 55199955430 497 10285
1525543373 20569 32005087 164682108631 598 106514
1525543374 18357 32001790 854316716220 661 161790
1525543375 21937 31047312 51393114820 590 8883
1525543376 18056 32948110 491865124580 626 92393
1525543377 19078 30286196 337855538530 608 98397
1525543378 19960 33713899 459826274965 680 114381
1525543379 21658 31998870 53121678664 636 9586
1525543380 21412 31999177 55074901965 586 7731
1525543381 22292 31999961 55388915513 595 12076
1525543382 22032 31999299 59242707365 590 53627
1525543383 20543 31997572 264870077736 565 83513
1525543384 21448 32013015 54227642665 540 6089
1525543385 22367 31992064 54029882432 469 8956
1525543386 22854 31996710 53321309262 612 9348
1525543387 22054 31999599 55213899117 484 8735
1525543388 22136 32006261 54709163471 618 10718
1525543389 21422 31990480 59931427426 505 12578
1525543390 13440 32008217 4292152889401 665 367716
1525543391 20841 31998937 55361090409 680 6016
1525543392 22458 32000261 52236379219 479 8849
1525543393 22703 31990923 50609693983 605 5545
1525543394 21223 32007084 91106046044 652 36743
1525543395 20262 31996713 55580961001 752 6150
1525543396 16903 32003602 1073323390008 717 180049
1525543397 20636 32006759 54917346907 701 6442
1525543398 21850 31990077 55629924009 579 10779
1525543399 22436 31787616 53448184130 546 9336
1525543400 21995 32215904 55454170540 579 10572
1525543401 21292 31999026 54854210324 554 6398
1525543402 21596 31997034 54727682446 606 5922
1525543403 22504 32005320 51172089156 611 6288
1525543404 22401 31997124 53991318060 541 10477
1525543405 22780 31998796 52661719194 463 14448
1525543406 19990 32004013 342128780189 565 97658
1525543407 22114 31996329 53828528215 568 5792
1525543408 21339 32005701 55442132029 526 6680
1525543409 21203 31992629 55169894627 637 6464
1525543410 21197 31997814 57996435028 617 13114
1525543411 20653 32005823 218917099929 518 79055
1525543412 17945 31999376 1111217662882 651 183702
1525543413 22025 31887341 56569558815 540 11796
1525543414 22286 32109242 98171285812 555 204236
1525543415 21813 32008674 56479429724 541 12104
1525543416 22648 31987991 53515707459 556 6178
1525543417 4776 6934110 11618662234 484 5541
1525543418 13498 57072525 44656257654093 611 1182724
1525543419 22234 32002683 55970529139 599 9413
1525543420 21983 31996451 54465021443 535 6033
1525543421 21884 32005401 57772867933 560 9463
1525543422 22131 32003440 53962241016 594 7482
1525543423 21856 31995836 54477836140 599 6114
1525543424 22174 31994752 55124878374 574 9129
1525543425 22673 32007338 52282071576 536 5821
1525543426 22834 31996452 52567252828 528 7697
1525543427 22091 31998005 53868270289 558 6827
1525543428 22135 32004743 54048262857 581 6153
1525543429 21962 32005224 55317365770 536 9354
1525543430 22416 31992955 52465534573 590 6003
1525543431 22341 31992461 55636002091 568 9769
1525543432 23229 32006757 51453397875 525 9049
1525543433 22479 32003945 55087871773 636 10045
1525543434 22380 31994004 54757156740 531 10378
1525543435 21622 31992523 56039761141 532 6649
1525543436 22262 32015237 54704242399 505 6925
1525543437 22005 31988279 56732769559 549 9460
1525543438 21543 32000030 58316089394 569 9037
1525543439 22015 31999983 54974727985 500 6453
1525543440 21980 32007963 54380794457 558 6389
1525543441 21107 31993412 58072395778 622 9487
1525543442 21439 31990266 57946681542 597 11870
1525543443 20663 32012557 60720838063 530 9807
1525543444 21089 31997669 58584077517 521 8768
1525543445 21276 32006575 58049189219 576 7799
1525543446 13956 31992533 613831480773 629 121845
1525543447 20415 32003948 62396550554 509 11569
1525543448 20644 31997498 61661154816 437 11312
1525543449 20546 31859843 60858540149 559 9732
1525543450 15020 32146545 432993737357 538 58325
1525543451 15331 31998432 511817015098 579 66417
1525543452 17144 31103937 323776444649 612 53441
1525543453 17290 32893728 374946537652 569 45500
1525543454 16755 31996357 336274542967 618 46732
1525543455 14842 32008945 580162059817 519 70014
1525543456 15014 31987652 567368863952 547 70732
1525543457 14034 30160546 619271423552 531 93320
1525543458 15046 32849177 520858372773 528 69718
1525543459 14896 31729773 560380066289 529 65338
1525543460 16378 33271516 435574722758 523 56447
1525543461 16903 31190201 303022924959 583 47698
1525543462 17418 32807094 372577457136 550 48828
1525543463 16985 32004326 332228175190 492 52669
1525543464 15899 31992042 514331970266 544 64670
1525543465 15512 31969842 521105586528 513 68823
1525543466 15362 32034955 444933023463 573 53659
1525543467 15508 31997651 415590845823 575 52863
1525543468 16346 32003283 401885665477 458 58944
1525543469 15998 31995522 453682262114 565 54222
1525543470 15655 32004905 449636711265 575 58807
1525543471 15807 31971201 447333447047 575 56654
1525543472 15887 32026971 460081118013 586 55952
1525543473 16671 32006105 367100462181 583 62846
1525543474 16089 31823439 398064254865 589 54058
1525543475 16471 32168766 387782525588 587 54650
1525543476 17350 31989805 335081832463 568 51753
1525543477 16324 32012217 387224359955 571 51209
1525543478 17129 31997967 333627150181 585 48602
1525543479 16620 32001933 383208915411 550 54856
1525543480 17425 31999991 323740353237 587 49620
1525543481 15615 31999060 398821120704 630 52834
1525543482 17036 30897069 285661086667 543 44919
1525543483 18567 33105661 294198811257 630 44742
1525543484 17994 31996286 295796421172 570 42246
1525543485 17461 32001742 343463975742 569 62424
1525543486 17825 31996522 254572451762 563 41035
1525543487 17337 32009150 341070346904 534 53369
1525543488 17826 31453987 272582770181 669 43588
1525543489 17750 32538826 342652911744 549 45440
1525543490 17307 31070617 290854442619 598 46742
1525543491 19295 32346735 228834438137 611 35256
1525543492 17738 32590854 329560894604 656 46748
1525543493 17660 31286991 272165458747 466 44793
1525543494 16529 32708485 406946104377 502 49072
1525543495 17125 31985914 305461523400 469 45555
1525543496 17124 32011334 329852366708 521 48205
1525543497 17342 31999523 328850009467 537 42896
1525543498 18081 31997372 285106489364 574 51201
1525543499 17043 32004316 329893154442 581 45439
1525543500 18217 31995301 295938979399 568 52020
1525543501 17156 32003177 357953719283 548 45067
1525543502 17345 32000372 371032074150 425 63639
1525543503 17999 32004511 315441450385 523 45820
1525543504 17102 31065760 290294304902 588 45382
1525543505 17832 32928470 313353877790 502 41536
1525543506 17531 31995957 309335071895 573 48115
1525543507 18341 32006574 242819110410 638 37000
1525543508 18156 31459241 275388913431 605 45023
1525543509 16846 32545095 389995685761 612 59705
1525543510 18384 31993117 253726904943 556 40175
1525543511 17597 31998546 297609604900 624 42789
1525543512 18237 31999280 242303411238 651 38701
1525543513 17444 31994036 323529919448 580 44984
1525543514 18407 32007393 274810652185 590 46808
1525543515 17509 32002405 280804767035 511 41741
1525543516 15038 32017392 432978942154 603 72457
1525543517 17991 31633056 249293470438 657 43912
1525543518 18316 32355261 282142795017 589 41442
1525543519 17397 32001745 324265098653 594 51308
1525543520 16890 31985113 337958860659 528 49898
1525543521 17495 32005516 329483044094 598 48957
1525543522 16524 32002979 399464785585 486 59496
1525543523 17370 31964588 315607291196 570 54883
1525543524 17261 32034365 338596211373 582 61876
1525543525 17080 31996850 297239240684 523 48192
1525543526 16246 32002413 395336959743 468 57759
1525543527 16469 31997529 375344279607 578 53129
1525543528 16656 31613459 328860069889 538 54937
1525543529 15064 32385238 444868319818 544 55221
1525543530 16063 31989737 359090717311 584 57078
1525543531 16289 32016380 407796992522 491 55412
1525543532 16753 31192354 253549644944 600 50487
1525543533 15497 32803477 490222859927 585 57932
1525543534 17738 31999079 258184975415 588 46924
1525543535 18047 31640412 248766125496 608 42197
1525543536 16701 32371460 324018732754 604 50766
1525543537 15536 31993968 451943274168 446 57055
1525543538 16015 31996880 414012047318 569 57738
1525543539 16014 31997560 478565428510 607 76119
1525543540 15291 32010680 446389019290 605 62393
1525543541 15814 31549131 385034059423 630 58031
1525543542 16292 32444824 434274375154 531 52914
1525543543 16194 31996165 389343412921 468 56046
1525543544 16486 32000053 336359479879 587 48219
1525543545 16546 31970254 333748475014 399 52952
1525543546 16786 32023341 309777275723 629 42407
1525543547 17858 32004077 241157826615 632 48049
1525543548 18070 32003445 255632433321 651 39785
1525543549 18599 31999822 241781072242 586 41172
1525543550 17729 32004272 269419879354 633 40165
1525543551 16529 31992992 463863864248 618 77438
1525543552 17023 32006127 316408229141 495 45831
1525543553 17725 31997596 288257990362 609 46778
1525543554 17679 31999985 314243651687 611 46920
1525543555 1650 2245656 3306242968 727 4971
1525543556 0 0 0 0 0
1525543557 0 0 0 0 0
1525543558 0 0 0 0 0
