1525246001 7182 29027512 254326299974 845 69885
1525246002 20003 63954905 240524267487 819 13965
1525246003 19581 63953346 248653445466 621 16091
1525246004 20003 64038886 249066834516 520 18263
1525246005 20098 64000286 241983160458 584 10017
1525246006 19589 64040823 251410210371 578 13193
1525246007 20526 63964660 232982689040 694 9884
1525246008 19916 64026288 245831179886 728 12806
1525246009 20020 64001270 250100158466 558 16061
1525246010 20384 63985166 234800765002 583 15369
1525246011 20456 63991760 239634992172 611 14817
1525246012 19984 63986141 250881530089 544 14905
1525246013 19734 64013691 246902998019 517 11188
1525246014 20693 64023296 232857510050 652 11391
1525246015 20288 63978728 243290645334 521 13101
1525246016 20397 63982774 238202577932 470 10124
1525246017 20631 64018821 238780270619 555 14500
1525246018 20767 64011526 231104266172 555 11648
1525246019 20637 63991018 236793135900 559 13165
1525246020 20684 63987799 237939002797 688 12649
1525246021 20073 64011992 242442999562 568 12700
1525246022 21112 63973232 228845480210 462 12376
1525246023 20678 64053297 237526976153 560 14619
1525246024 21006 63973866 233653809522 508 11063
1525246025 21066 63988380 226775469838 611 11379
1525246026 21273 63591776 223401508024 556 10860
1525246027 21250 64432936 230264816446 511 13414
1525246028 21514 63983667 223204172565 656 10863
1525246029 21686 64031555 221972548465 601 9754
1525246030 21145 63995625 225809461619 748 13161
1525246031 22094 63966760 217814906118 487 10408
1525246032 20230 63992308 248123398048 579 21224
1525246033 20077 64016395 238816858611 698 14559
1525246034 19797 63980304 494939380810 657 66994
1525246035 21199 64018680 228428761812 642 13123
1525246036 21099 63989775 233685531675 581 14129
1525246037 21605 64019841 221613613421 526 10479
1525246038 21388 63998393 225629501061 636 13300
1525246039 21162 63976881 226492431929 734 12711
1525246040 20075 64021642 232850638440 703 9955
1525246041 20923 63996151 225414735617 757 13369
1525246042 21278 63988723 222137356843 791 11594
1525246043 21742 64019408 217935966002 693 10119
1525246044 21791 63985247 218096091977 645 11516
1525246045 21274 64004929 218442822979 595 13460
1525246046 20920 64005662 231133358506 583 13407
1525246047 21336 64012968 223774388102 683 13922
1525246048 19972 63990737 232518657663 636 51383
1525246049 20717 64016764 226754863816 934 37120
1525246050 20747 63977440 227516382578 737 12898
1525246051 20536 64004123 229798009645 738 13144
1525246052 19592 63997671 233197067497 877 10026
1525246053 21420 64018775 212667234575 780 10951
1525246054 21326 63985975 216804689795 589 10145
1525246055 22083 64004586 211710560454 781 11862
1525246056 21750 63991071 213104445701 928 11224
1525246057 20833 63991163 220755372527 829 11776
1525246058 19855 64002021 229117932359 924 10388
1525246059 21191 64020798 218416458938 716 10266
1525246060 20999 64018203 217828280563 641 10938
