1525906441 10641 39587572 265553247016 1676 67796
1525906442 19249 63999508 225859294446 1926 11942
1525906443 19186 63995717 229066363895 2138 12908
1525906444 14102 62073082 2551322780172 2060 258788
1525906445 260 58756020 14023150289848 104411 494159
1525906446 13724 71171717 5313766683719 1959 297909
1525906447 19557 64018387 224947888269 1943 12155
1525906448 20058 63971101 214374774827 1958 11565
1525906449 19273 64000022 221136243886 1973 9076
1525906450 16481 60963029 457077634131 2202 97914
1525906451 373 63338224 16562297994844 96408 554277
1525906452 9907 67716061 15672854951489 2350 918563
1525906453 19142 63977178 222570715364 2109 7876
1525906454 19640 64017265 219363771477 2078 12453
1525906455 19384 63996029 219684980473 1176 7428
1525906456 19623 64019293 217369389813 1941 8280
1525906457 2232 30512222 2486241137664 2144 337996
1525906458 7066 97496086 48074332514708 2281 768726
1525906459 18649 63976567 237262938445 2043 12224
1525906460 19366 63992342 228967289354 1988 11606
1525906461 18959 63908411 233485851091 2101 16524
1525906462 18721 64111279 230299719677 1990 12139
1525906463 4605 57467566 5461283298008 2256 249191
1525906464 13523 70511019 4522565010465 1204 359599
1525906465 19176 64007199 223971327809 1359 11424
1525906466 18990 64002255 226851310369 1663 11851
1525906467 19097 63986005 228510490683 2122 11951
1525906468 18842 64021419 230273055915 2142 11823
1525906469 19730 63966368 217707938074 2124 11752
1525906470 19316 64016288 220340634684 2226 7070
1525906471 18967 64010437 228233888823 2078 11977
1525906472 19082 63987481 222951831417 2130 7113
1525906473 16896 63591707 616803903421 2352 94958
1525906474 19032 64410358 240093028778 2122 12916
1525906475 18129 63992346 241333265218 2300 12236
1525906476 18733 64030185 229509652789 2163 10837
1525906477 19029 63959765 227380368421 2150 12245
1525906478 18807 64006287 231412496335 2193 12942
1525906479 18614 64002914 233006207296 2168 12386
1525906480 18679 63990777 227988951371 2246 6764
1525906481 19109 64044870 228067770444 2074 11651
1525906482 18915 63977491 224959129337 2264 6735
1525906483 18696 63992080 236968947146 2062 12314
1525906484 18909 63929023 226234880697 2161 11818
1525906485 18977 64097327 227850372731 950 12763
1525906486 19170 63981412 227813721926 2149 11893
1525906487 18631 64002946 233006464064 2218 12059
1525906488 19118 63986165 227147386229 2152 12356
1525906489 18716 64016805 227662130259 2164 6876
1525906490 19627 64002033 219350232751 1931 11524
1525906491 18793 63990917 229270440917 2118 12295
1525906492 19365 64016988 219781398984 2174 6677
1525906493 19508 63987728 220587174316 2058 10691
1525906494 19372 63996264 224110387898 2154 11734
1525906495 19055 63994838 227804292196 2150 12207
1525906496 19221 63988301 221587451849 1614 7002
1525906497 19248 64020453 225769946313 2016 11696
1525906498 18982 63982376 224224418384 2174 7141
1525906499 19397 64015283 222430378643 943 12383
1525906500 19224 63996035 223834248405 2219 12410
1525906501 19624 63993646 217159649350 2129 7713
1525906502 19307 64002913 222988088913 2209 11872
1525906503 18698 64021916 232945177074 2096 15092
1525906504 19414 63994779 219390251009 2221 6350
1525906505 19318 64011209 224484411977 2054 11709
1525906506 18678 63978487 232646491537 1650 12308
1525906507 17964 63985980 236821917494 2362 7060
1525906508 18367 62254978 225213198490 2002 12559
1525906509 16333 65773064 1252449783396 2247 121667
1525906510 19307 64000107 222466104955 2203 12047
1525906511 19328 63987565 222203448373 2130 11319
1525906512 18624 63994024 230774499544 2336 11481
1525906513 19415 63999388 225503086716 2180 12562
1525906514 18957 64017486 227983092182 2225 12217
1525906515 18552 63980933 231204745969 2210 12214
1525906516 18465 63996518 232462956658 2253 11437
1525906517 18421 63988549 233156485121 1538 12565
1525906518 19050 64019512 226430886902 2047 12588
1525906519 19216 64010619 225848432463 2108 12090
1525906520 18532 64007042 232298818962 2177 12017
1525906521 18014 63969341 238227665185 2376 12687
1525906522 18168 64007901 234353889741 2384 7511
1525906523 18464 64016642 230790868362 926 7825
1525906524 19065 64003277 223623420855 1956 7130
1525906525 19031 63982092 227329540952 1783 11220
1525906526 19282 63994692 226478925224 1647 11587
1525906527 17433 64017589 244366383475 2488 7467
1525906528 17983 64000060 237563249934 2230 8024
1525906529 19585 63996193 219809348269 2120 11500
1525906530 19238 63987346 221685596176 2239 7342
1525906531 18318 63996870 234697071970 2337 12943
1525906532 18234 64019010 235851059904 2284 13048
1525906533 19628 64011200 216850599842 1860 7997
1525906534 18552 63968842 233703208342 2166 11801
1525906535 18613 64030288 229047717540 2218 7055
1525906536 19404 63994568 221946149010 2168 11743
1525906537 18465 63974239 230173195849 2440 7069
1525906538 18631 64012501 228919443687 1900 9032
1525906539 18874 63995898 225457726038 2253 7647
1525906540 18966 64027689 226857994007 2306 11915
1525906541 18892 63965746 229820790180 2193 12305
1525906542 18968 64020704 228065838878 751 12427
1525906543 18227 63968786 235439818736 2197 11428
1525906544 15578 64042014 932877901732 2262 146338
1525906545 18439 63981185 232685782437 1529 12511
1525906546 18948 63997501 224486113097 2234 6838
1525906547 18833 63984615 230584219195 2125 12994
1525906548 18788 64030396 227589213568 2132 9979
1525906549 19087 63985927 225089526931 2238 12113
1525906550 18864 64000234 228180983248 2147 13260
1525906551 19145 64017321 222568612377 2152 6728
1525906552 19335 63991750 220050881722 2253 7501
1525906553 19430 63997111 219100123499 2257 7407
1525906554 19225 63990718 223551855462 2177 12080
1525906555 19254 63999996 225843155838 965 11877
1525906556 18345 63995206 231986516860 2419 7654
1525906557 19268 64007350 228141452030 2100 12914
1525906558 19814 64018290 218120146482 873 11820
1525906559 20228 64009061 211414162333 2177 6077
1525906560 20091 63976035 214400889525 2043 11824
1525906561 19144 64008456 227647250012 2124 12956
1525906562 18440 63986444 233541843352 2230 12345
1525906563 17691 63988859 240505232277 2549 7283
1525906564 17774 64018464 239574438662 2384 7817
1525906565 18066 63997805 235163538885 2480 6842
1525906566 19061 63994317 224142917461 2131 7618
1525906567 19790 64014930 219559943638 2110 12617
1525906568 18218 63986007 237743942875 2228 12137
1525906569 18320 63999733 234873896815 2176 12213
1525906570 18276 63998441 232957721081 2477 6605
1525906571 18283 64013750 232762042372 2442 7704
1525906572 18507 64002579 232301517505 2206 12487
1525906573 19366 63993039 223948457585 2018 12142
1525906574 19083 64003722 223727032926 2126 6590
1525906575 18670 63995337 228347985887 2211 7653
1525906576 19277 64005078 222815588080 2250 12107
1525906577 19432 63993468 218938167778 2216 7511
1525906578 19314 64002999 220291894539 2139 8115
1525906579 17122 63994094 1044645655156 2129 149222
1525906580 19843 64009850 218938772716 1858 11958
1525906581 20086 64013866 213839314724 2157 11384
1525906582 20097 63984415 211851954929 2106 6587
1525906583 19503 63991422 221791087294 2242 11433
1525906584 19530 64002984 222459221984 2024 10170
1525906585 19638 64000022 217856987250 2100 9450
1525906586 19450 64002288 220900877882 2288 11020
1525906587 19604 64016809 217146805111 2270 6520
1525906588 19647 63984809 216364629535 2243 6553
1525906589 19855 64004591 214390068949 2208 6352
1525906590 19297 63996764 224712838346 2093 12257
1525906591 19421 64004174 219447682208 2140 7790
1525906592 19449 63970090 220891985400 2248 11573
1525906593 19501 64008638 222692770812 2104 11810
1525906594 19593 64022689 219292990741 2208 11007
1525906595 19259 64031940 223514761498 2204 11443
1525906596 19015 63942840 227539613586 2270 11880
1525906597 20374 64021905 211368500851 2088 11699
1525906598 20033 64007027 213075461733 2102 7397
1525906599 20717 63996170 205519575350 1976 6543
1525906600 20797 64010383 204749141135 2015 6659
1525906601 20036 63964164 214955763240 2088 11753
1525906602 19309 64024824 223969380174 1583 11850
1525906603 19380 64017950 220692166656 1987 9746
1525906604 18722 63977994 227139224248 2295 7317
1525906605 19686 63994702 216835722402 2106 6422
1525906606 20410 64014420 211214761744 1947 10875
1525906607 18979 64012887 224506398723 2305 6369
1525906608 18794 63967042 226313413484 2313 6490
1525906609 19238 64005891 266402193159 2164 35982
1525906610 19492 63996768 220156830278 2154 11843
1525906611 19007 64005343 227834744877 2149 11649
1525906612 19060 63994326 223404717554 2187 7069
1525906613 18828 64002161 225953912675 2342 6261
1525906614 17303 64006013 536329753433 1969 85325
1525906615 19278 63994151 220741070835 2335 7236
1525906616 19235 64015337 223233646793 2272 12057
1525906617 19554 63973641 217375552237 2142 6373
1525906618 20028 64024335 213124866109 1942 6240
1525906619 20582 63998324 207627306152 2080 5886
1525906620 20760 63996039 205174949547 2022 5913
1525906621 20725 63993743 205718356403 1972 6712
1525906622 20072 64014281 217102305765 2154 11687
1525906623 20350 63990417 209661801577 2125 6961
1525906624 19031 63978989 225933953983 2188 12103
1525906625 19242 64031417 223814259749 2251 11932
1525906626 19907 63988458 216093869192 2159 11749
1525906627 19843 64006246 214947683292 2051 6751
1525906628 19550 63984411 217708278887 2285 6344
1525906629 19418 63994402 219353256708 2251 6888
1525906630 18539 64027224 229877728312 2386 6959
1525906631 18807 63987715 230930954901 2103 12382
1525906632 19666 64002371 216701515361 2143 6733
1525906633 19680 64008242 216321568232 2265 6201
1525906634 19778 64005798 217995504018 2084 11221
1525906635 19728 63979791 218046498605 1991 11345
1525906636 19033 64000736 226358180254 2261 12323
1525906637 18581 64001384 229264736270 2308 6834
1525906638 18736 63997616 226817372206 2317 6359
1525906639 18968 64000497 253180243691 2201 29265
1525906640 19859 63996382 214643075410 2067 7128
1525906641 19637 63994602 217058735814 2134 7515
1525906642 19743 64011222 218211572172 1993 11885
1525906643 19799 64012968 215138901598 1995 8180
1525906644 19797 63991518 217153179240 2133 12515
1525906645 19517 64021341 220558774289 2141 11800
1525906646 19253 63958470 223050544608 2284 12233
1525906647 18882 64023279 225682286245 2357 8180
1525906648 19570 64012422 220039052974 1789 12517
1525906649 17695 63968107 462979720941 2226 64567
1525906650 19293 63999441 220546464249 2300 6492
1525906651 19267 64021853 220831897565 2309 7004
1525906652 19049 63990506 223384332772 2246 8877
1525906653 18779 63996444 226421332422 2336 7208
1525906654 18834 63988298 225574908656 2318 6655
1525906655 19149 64004888 224526182718 2106 12909
1525906656 19502 63990316 218006453808 2320 6278
1525906657 19458 64027243 218938110149 2173 6950
1525906658 19368 63987336 219494760744 2183 6860
1525906659 18950 64009549 228035130529 2302 11850
1525906660 19197 63986246 223477181664 2300 12208
1525906661 19207 63993600 221316255892 2333 6712
1525906662 18434 63990594 230910394812 2347 7339
1525906663 18889 64018545 227707657429 2004 12543
1525906664 19323 63999106 220452209260 2265 8145
1525906665 19359 64022097 224191418561 2212 13094
1525906666 19432 63993612 220810552976 2187 12401
1525906667 19446 63991262 218991784416 2251 7294
1525906668 19496 63997485 220343538755 2217 11433
1525906669 19478 64014042 218465678476 2264 7607
1525906670 19299 63983005 220502586799 2263 6701
1525906671 19090 63991585 224949150711 2210 11317
1525906672 19718 63992939 215773104131 2139 9618
1525906673 19685 64030503 221292845959 2197 12872
1525906674 19030 64005256 265158925398 1275 31364
1525906675 19288 63979898 220369827676 2302 6299
1525906676 19219 64000260 222587878558 2159 8700
1525906677 19442 64014722 219525677398 1921 8619
1525906678 19526 63976969 218947980883 2175 9413
1525906679 18906 64023706 225125530786 2391 8097
1525906680 19411 64002347 219751702481 2329 9226
1525906681 19647 63981936 216517891110 1700 6998
1525906682 19550 63992358 217982633364 2108 8075
1525906683 19607 64013811 217045789257 2265 6716
1525906684 17322 63991315 449289505679 2266 62439
1525906685 19337 64008643 220762124535 2264 9441
1525906686 19661 64000682 216424646676 1831 6829
1525906687 19582 63999435 217334340951 2309 7813
1525906688 19660 63996353 216360258673 2250 6650
1525906689 19601 64013436 217120242660 2270 6835
1525906690 19312 63988952 220769278676 2157 9049
1525906691 19170 64017452 222203491064 2295 6552
1525906692 19486 63994758 219072616248 1765 9688
1525906693 19959 63993553 213002700679 2195 6496
1525906694 19917 63996963 213491169503 2239 7358
1525906695 19806 64003010 214611038180 2184 8583
1525906696 19350 63978794 219836809216 2233 7686
1525906697 18913 64008537 225121031451 2341 7813
1525906698 19010 64017646 224348509914 2307 8723
1525906699 19792 64004870 215019372556 1960 6556
1525906700 19269 63967163 221133753027 2197 9476
1525906701 19104 64023188 222654172114 2292 8795
1525906702 19428 63978037 219092471289 2253 9322
1525906703 19505 64015415 218044768843 2290 6323
1525906704 19056 64005234 273376278234 2174 35105
1525906705 20068 63998453 211909208997 2146 6417
1525906706 19725 64013369 216607588095 2209 8789
1525906707 19417 63967185 219286194927 2274 8804
1525906708 19489 64028991 218515823427 2066 7678
1525906709 19902 63986179 213761558523 2244 8606
1525906710 19980 63986798 213033720212 2212 7709
1525906711 19837 64015472 215007007246 2259 8862
1525906712 19647 64007237 216943785365 2235 8069
1525906713 19549 64010479 218625380875 2268 9200
1525906714 19080 63971565 224769870487 2271 12287
1525906715 18824 64000788 225904654780 2279 7908
1525906716 18800 63986132 226160623110 2413 8091
1525906717 19048 64011814 222976686064 2378 6902
1525906718 19030 64012113 223321260751 2372 7145
1525906719 18116 63996746 390823630260 2132 74172
1525906720 20211 64002857 210545436241 2161 7533
1525906721 20204 64001456 210638448204 2106 7432
1525906722 19590 64005619 217619412083 2130 10447
1525906723 19339 63980364 219762288400 2313 8212
1525906724 19374 64024768 219672601888 2297 9557
1525906725 19347 63993117 219694204815 2344 8275
1525906726 19382 63987222 219255390888 2297 6702
1525906727 19219 64005503 221417186841 2285 7860
1525906728 19074 64010568 225214366686 2296 12775
1525906729 18690 63987101 227469747607 2389 8356
1525906730 19602 64016112 219444479396 2173 11375
1525906731 19987 63985378 214883591316 2154 11670
1525906732 19926 64021798 215292429462 2224 10651
1525906733 19388 63954512 219141278640 2241 7113
1525906734 18963 64023862 224435216034 994 7751
1525906735 19176 63994715 221786155459 913 8203
1525906736 19021 63996338 225743920538 2131 10915
1525906737 19042 64013188 225122115522 1500 12204
1525906738 20142 64003890 211505845064 2202 9369
1525906739 19130 63990701 265833474259 1933 30975
1525906740 19564 63977735 221202749253 2177 11919
1525906741 19988 64042978 213212340314 2196 7204
1525906742 19245 63975655 223268012365 2227 12318
1525906743 19819 64021802 217503400948 2135 12289
1525906744 19277 63998292 220768313520 2201 8469
1525906745 19218 63981803 221262197633 2343 8814
1525906746 19288 64028285 233694765143 2237 117163
1525906747 19316 63975823 220212399379 2215 7287
1525906748 19347 63989152 219897149272 2258 8406
1525906749 19424 64005743 219145909417 1359 8207
1525906750 19354 63981166 221628996898 1045 11574
1525906751 19317 64028302 220893563384 2202 9296
1525906752 19091 64001122 223022832044 2359 6984
1525906753 18981 63978677 226166895737 2306 12993
1525906754 18338 64012236 376063614108 2255 66659
1525906755 19336 64008349 220289432959 2220 8409
1525906756 18817 63987260 226353855262 2329 8684
1525906757 16146 63998385 1278226536891 2334 133399
1525906758 18522 63996921 229867434501 2400 8614
1525906759 18512 63993613 229897139065 2441 8682
1525906760 19101 64024271 223626669749 2207 8670
1525906761 19765 63989121 215617218521 2236 9060
1525906762 19489 63985788 223502999076 1671 11518
1525906763 19630 63996996 219414914042 2174 12402
1525906764 19644 64021280 222553168130 2144 13234
1525906765 19730 63997861 216059801041 2203 8232
1525906766 19692 63981105 216633706347 2238 9026
1525906767 19646 64018506 217459838108 2237 9185
1525906768 19492 64005353 218947113193 2233 9432
1525906769 18388 64014660 261606194290 1374 31497
1525906770 19845 63990045 214570551349 2159 8441
1525906771 19228 64000613 221581752857 2118 9326
1525906772 19514 63971473 218476241951 2227 8108
1525906773 19175 64020590 222119293362 2291 7574
1525906774 19154 63991689 222445195713 2265 7161
1525906775 19211 64005613 221891929363 2282 8570
1525906776 19195 63994190 222188529506 2208 8232
1525906777 18885 64010209 225526175405 2279 8617
1525906778 18931 64004048 227124992550 2287 11654
1525906779 19112 64000017 223415491105 1172 9026
1525906780 19147 63985521 222449965619 2232 8438
1525906781 19225 63997553 221656433033 2282 8034
1525906782 19026 64016442 224161552844 2312 9007
1525906783 19018 63958544 223788593636 2320 8622
1525906784 19096 64039084 223534205464 2272 7654
1525906785 19054 63990715 223796075293 2311 8397
1525906786 19051 64004600 224181253068 2276 8811
1525906787 19267 64000026 221354156316 2252 8114
1525906788 18830 64000909 228211828239 2135 11394
1525906789 18040 63998371 364954263743 2116 60399
1525906790 19339 64000002 220408302064 2249 9326
1525906791 19126 64011382 222986086380 2298 9409
1525906792 19126 63984691 222693639807 2341 9236
1525906793 19093 63758626 221586020074 2232 7570
1525906794 20097 64251076 215542724768 2144 12106
1525906795 20047 63993049 212336034053 2169 9045
1525906796 20017 64011742 212931486370 2211 8127
1525906797 20086 64001571 212235568805 2141 8003
1525906798 19898 63996786 214218494554 2164 10182
1525906799 19718 63986140 215923619894 2220 8621
1525906800 19432 64000851 219189848387 2227 8769
1525906801 19433 64008166 219260787106 2113 8884
1525906802 19488 63986539 218428694045 2113 9624
1525906803 19362 64006682 219645374532 2222 7185
1525906804 18551 64002026 280938564646 1166 35813
1525906805 19035 64010862 226149403628 2276 12103
1525906806 19178 63999496 222056014488 2265 7557
1525906807 19159 63991733 222397385383 2316 9386
1525906808 19061 63999604 223305778716 2251 8351
1525906809 19013 64000039 223988867523 2302 8917
1525906810 18812 63985039 226363988115 1793 8130
1525906811 19764 64007708 217297374948 2172 11925
1525906812 19691 64004894 216644147128 2175 8568
1525906813 18148 64004436 234380685382 2477 8620
1525906814 18121 63992084 234876606478 2445 8622
1525906815 18195 64003418 233883369868 2434 9812
1525906816 18227 63998942 233462897914 1353 8999
1525906817 18205 64005232 233900595744 2443 8998
1525906818 18321 63990973 231879634969 2420 8581
1525906819 18303 64017144 232483923712 2422 8056
1525906820 18189 64004067 234055723241 2428 9600
1525906821 18756 63985579 227672645573 2241 9410
1525906822 19555 63983394 217817426932 2211 7723
1525906823 19066 64003060 223460108570 2316 9150
1525906824 18229 64017749 317877321269 2146 42597
1525906825 19650 63971364 216804572966 2233 8447
1525906826 19572 64029611 218033510853 2205 8351
1525906827 19271 64011051 221064264165 2280 8262
1525906828 18935 63987527 224755341957 2360 7487
1525906829 18944 63994801 224671836079 2345 7863
1525906830 18946 63989957 224577836657 2357 8571
1525906831 19658 64010507 217182730115 1543 8306
1525906832 19106 64005253 225472860743 2140 11960
1525906833 18883 63987617 225183437403 2322 9060
1525906834 18468 64031974 255106005404 2340 27927
1525906835 18748 63983989 226772261039 2340 8815
1525906836 19744 63987683 216157768871 2166 8367
1525906837 19396 63997466 220139085304 2162 8214
1525906838 18756 64018067 227164697527 2330 8385
1525906839 18722 63989124 227331429962 2338 8659
1525906840 18741 63982100 227130408896 2354 9386
1525906841 18771 64005052 226723643996 1070 9032
1525906842 18837 63998104 225971209012 2319 8316
1525906843 19322 64019632 222853241316 1927 10896
1525906844 19910 64007292 214526724324 1387 9326
1525906845 19782 63996287 215612452661 2204 8684
1525906846 19855 63992615 214827055019 2203 8281
1525906847 18852 63970769 225700424371 2294 8932
1525906848 18787 64016397 226749405293 2382 7420
1525906849 19195 64004047 221811921605 2029 8112
1525906850 19483 64006574 218675287448 2249 8239
1525906851 19304 64019231 221455491433 2260 9094
1525906852 19161 63965629 221936060075 2303 7449
1525906853 18955 64020597 224873376297 2335 8726
1525906854 19069 63981487 223515947809 2058 8512
1525906855 19002 64003596 224360399392 2211 7823
1525906856 19121 64014524 222737342900 1431 9315
1525906857 19334 63996624 220260249148 2304 8255
1525906858 19327 64016699 220680180595 2228 9067
1525906859 18387 63983622 312772105848 2291 52255
1525906860 18768 63981296 226818873158 2361 8419
1525906861 18781 63996504 226580435530 2234 7804
1525906862 19348 64035698 220720687764 2084 7950
1525906863 19599 63990059 217627441057 1412 8495
1525906864 18486 63973203 231662264423 2362 11822
1525906865 18078 64021378 236467961690 2371 8547
1525906866 19118 63993195 222537429941 2337 7653
1525906867 19024 64010106 223862607902 2358 9491
1525906868 18966 63991378 224531764120 2348 8693
1525906869 18534 64006233 269746696825 2333 32195
1525906870 19258 63986638 221117801402 1647 8368
1525906871 19570 64011754 217351432474 2300 9049
1525906872 19546 63998454 217621987000 2183 8805
1525906873 18981 64014711 224526834697 2256 8917
1525906874 18606 63979660 228512286418 2421 7746
1525906875 18699 64013654 227649584638 2343 8129
1525906876 18801 63987618 226234923462 2356 8368
1525906877 19000 64021271 224284295307 1721 8727
1525906878 19370 63971153 221296158349 1817 11517
1525906879 19122 64038332 223310502226 2306 8894
1525906880 18726 63984067 227338057295 2366 8640
1525906881 18272 63997606 232654871172 2448 7636
1525906882 18210 63990901 233601394201 2441 9174
1525906883 18171 63975656 234160441562 2347 8416
1525906884 18200 64023514 234099267234 2443 8132
1525906885 18295 63991053 232401220819 2400 7869
1525906886 18459 64016893 230333088507 2431 8397
1525906887 18407 64009790 230914371444 2274 8853
1525906888 18337 63975418 231483129100 2388 8949
1525906889 18389 64005761 231341558765 2329 8440
1525906890 18351 64003015 231876824997 2442 9068
1525906891 18669 64007258 228063758216 2307 8033
1525906892 18472 63987052 230169858208 2355 8316
1525906893 19431 64018381 219130151139 902 8406
1525906894 18867 63992782 297470852838 2027 47593
1525906895 19547 63999925 217824020767 2273 8514
1525906896 19466 63994048 218582871498 2295 7654
1525906897 19563 64010530 217907138808 2057 7536
1525906898 19677 64007306 216778853164 2129 8905
1525906899 19565 63988993 217615141567 2040 8215
1525906900 19070 64006227 223214843123 2007 8124
1525906901 19095 63981923 222498938443 2305 7650
1525906902 18992 64005570 224483538354 2224 9297
1525906903 18879 64008679 225624233409 2364 8331
1525906904 18435 63991756 288644758488 2328 36387
1525906905 18914 64020302 225811787728 2244 9473
1525906906 19837 64000236 214711494332 2179 7727
1525906907 19615 63986837 216975358831 2140 9399
1525906908 19670 64022919 216763472513 2166 8356
1525906909 19501 63951393 219929213903 2131 12489
1525906910 18608 64033026 228869622796 2299 9394
1525906911 19268 63977031 220903537589 2200 8631
1525906912 17962 64020358 236746392802 2520 8353
1525906913 18037 63975377 235380110567 2472 8771
1525906914 18718 64028824 227769491764 2292 9277
1525906915 18400 63993138 231009079360 2397 9348
1525906916 18810 64000064 226223809670 1089 7999
1525906917 19137 63995929 222173371603 2339 8066
1525906918 19178 64014954 221923442346 2319 7337
1525906919 19197 63982063 221419657589 2228 8651
1525906920 19167 64017511 222158447123 2302 8324
1525906921 19215 64009357 221358085049 2272 7772
1525906922 19147 63971128 221796860086 2313 7580
1525906923 19072 64019578 223513626040 2151 8459
1525906924 18624 63995188 263193831512 2175 37748
1525906925 19514 63991703 218081040303 2206 7544
1525906926 19296 64013151 220548849743 2294 8190
1525906927 19277 63985230 220660403042 2062 9916
1525906928 19342 64004572 220119692770 2287 8721
1525906929 19323 63989914 220195226224 2243 8277
1525906930 19525 64019204 218047137150 2271 8643
1525906931 19045 63990146 223611691410 2164 7075
1525906932 20058 64000506 212434232384 2186 7556
1525906933 19713 64002492 216004370448 2200 7156
1525906934 19686 63985724 216233086804 2227 8545
1525906935 19640 64031664 217163495878 2234 7543
1525906936 19558 63961419 217382838399 2260 7884
1525906937 19644 64031104 216996836570 2174 9192
1525906938 19819 63988158 214889651326 2239 8345
1525906939 19111 64004356 278617584678 2229 38835
1525906940 19787 63980701 215210019531 2209 7071
1525906941 19652 64000592 216762694994 2210 7842
1525906942 19600 64017067 217437749085 1526 7096
1525906943 19738 63987377 215381978109 2273 8313
1525906944 19735 64004613 215439332873 2255 6766
1525906945 19711 64000098 215878884830 1289 9043
1525906946 19707 64010640 216054458678 2125 8556
1525906947 19681 63997823 215910690257 2295 7392
1525906948 19610 63978342 216711916760 2252 8398
1525906949 19302 63994990 220557055236 2265 9504
1525906950 19087 64034298 223060560876 2355 7262
1525906951 19099 63994643 222495017431 2377 8201
1525906952 19138 63974191 222074466217 2285 8772
1525906953 19373 64006972 221947779750 2232 12588
1525906954 19641 64025859 216789105267 2161 8273
1525906955 19372 63984073 219788500093 1177 9167
1525906956 19423 64011039 219184803127 2247 8078
1525906957 19728 63979828 216471494288 2194 10462
1525906958 14546 46932486 159942949962 383 12344
1525906959 2215 81060600 79510323416148 1774 1136329
1525906960 18536 64022509 454428426631 376 70923
1525906961 19639 63976672 217048905560 1758 8737
1525906962 19398 64007923 219893070565 2170 8918
1525906963 19510 64005379 218827703809 1963 10118
1525906964 19496 63994294 218629370274 2234 8169
1525906965 19184 63986865 221700182849 2315 7463
1525906966 19467 64022940 218882084390 2057 8028
1525906967 19623 64017110 217386052570 2244 7999
1525906968 20013 63968067 212890083713 803 7625
1525906969 19466 63295398 218299562880 2204 14786
1525906970 19303 64718995 280763193517 1794 44811
1525906971 18943 64008888 224662350696 2336 7499
1525906972 19215 63978367 221768625783 2243 8842
1525906973 19940 64015759 213846354701 2164 7954
1525906974 19697 63165958 210575857058 2170 7546
1525906975 19301 64837652 304075527256 1874 45295
1525906976 19887 63999341 214189769037 2167 8765
1525906977 19594 63988809 217700267675 2227 9052
1525906978 19445 64006772 219414806898 2157 9338
1525906979 19254 64017185 221437404187 2299 8272
1525906980 19297 63988080 221097920758 2195 8019
1525906981 19678 63992361 216608918769 1852 8304
1525906982 20142 64010529 211390384841 2144 9459
1525906983 20008 64001512 213245314444 2052 8996
1525906984 19868 63984371 214377323877 2228 8920
1525906985 19884 63997322 214254281378 2217 9074
1525906986 19767 64000263 215415201277 2029 8438
1525906987 19766 64001000 215390962032 1767 8815
1525906988 18962 63994821 224798524871 2268 7752
1525906989 18670 63981637 228092877107 2346 9009
1525906990 19542 64033245 220496169515 1126 12902
1525906991 19620 64002411 217339876949 2107 10980
1525906992 19459 63993244 219013145570 2216 8676
1525906993 19507 64020365 218858562919 2201 9439
1525906994 20203 63979135 210888967905 631 7849
1525906995 19373 64012530 219837958506 1965 7295
1525906996 19517 64003304 218560909680 2265 8035
1525906997 19438 63992835 219135263717 2242 8801
1525906998 19225 63967742 221372876690 2003 9189
1525906999 19157 64020301 223341799353 1986 8806
1525907000 19895 64003042 213960805874 844 7116
1525907001 19089 64008112 222976176632 2340 8003
1525907002 19221 63972702 221244258168 2321 8201
1525907003 19189 64028376 222210439800 2285 8691
1525907004 19218 63993731 221778168301 2173 8718
1525907005 18855 64013616 313532001388 1960 51357
1525907006 19806 63984674 214961307492 2209 9725
1525907007 19541 63995727 218156587265 2291 7669
1525907008 19425 63984278 219224734928 2048 8337
1525907009 19727 64024391 216015566451 2212 7562
1525907010 19348 63998889 293098262929 2099 40519
1525907011 20104 63994149 211772986957 2075 7655
1525907012 20063 64000747 212182447103 2157 7636
1525907013 19993 63991361 212901732647 905 7884
1525907014 19157 63997755 222259289201 2196 7361
1525907015 19409 64019038 220013012438 2174 8845
1525907016 20332 63997933 209441885597 2147 7333
1525907017 20112 63997917 211701875105 2208 8056
1525907018 19903 63999369 214310638961 2173 8023
1525907019 19928 63990997 214180920007 2120 8139
1525907020 19015 63995721 223897852361 2186 7892
1525907021 19486 64006549 219445513951 2143 8005
1525907022 17989 63992344 236442206026 2515 8657
1525907023 19410 64008322 220236980744 2233 9616
1525907024 20180 64005776 210905062676 2173 7699
1525907025 20186 64009259 210831452727 1779 8427
1525907026 20083 63993308 211724565186 1363 8113
1525907027 19977 64017367 212955093589 2151 7404
1525907028 19949 63974786 213119682760 1979 9438
1525907029 20051 64019337 212371204765 2158 8589
1525907030 20314 63989548 209413106786 2175 6713
1525907031 18585 63984357 228981393147 1945 7880
1525907032 18444 63997484 230564866492 2298 9265
1525907033 18472 63999827 230002447523 2146 9411
1525907034 18564 63993767 229041183841 2305 8832
1525907035 18592 64013200 228872384908 2428 9153
1525907036 18562 63987432 228889287626 2412 7280
1525907037 20049 64012681 212652763723 2189 7694
1525907038 20143 63999840 211408682500 2187 7944
1525907039 19784 63994543 215140210955 1994 7661
1525907040 18101 63989348 458323334900 2300 68305
1525907041 19831 64025832 214463940022 2238 8290
1525907042 19495 63983730 218195926710 2224 7752
1525907043 18941 64007357 224715869079 2360 9001
1525907044 18952 64004242 224475376720 2364 9490
1525907045 18914 63990334 224870664766 2345 8462
1525907046 18873 64002206 225414376484 2200 8641
1525907047 18929 63997058 224665043040 2346 7108
1525907048 18902 64015163 228672566341 2251 11867
1525907049 19040 63975369 222927484319 2318 7129
1525907050 19077 64028605 222916446821 2339 7063
1525907051 19111 63994397 222359748397 2329 7779
1525907052 19123 63998675 222417476689 1259 8623
1525907053 18154 63986136 233998832888 2120 7999
1525907054 17982 63999959 235841855845 2359 7912
1525907055 18029 64009007 235435848489 2462 7094
1525907056 19203 63999415 222070898147 2278 8387
1525907057 19835 64014267 214539659097 2225 8972
1525907058 19104 64006156 223106749722 2236 7901
1525907059 18153 63977914 233551178358 2445 7919
1525907060 19071 64018335 223259615203 2277 8572
1525907061 19465 63963854 218658423060 2251 8276
1525907062 18328 63994964 232363566424 2178 8422
1525907063 18648 64023175 228504753655 2159 8140
1525907064 18938 63778280 223213484584 1210 7276
1525907065 19455 64220824 222099299836 2261 12592
1525907066 19057 64008900 223029154612 2344 9267
1525907067 19282 63197136 219450060088 2195 14112
1525907068 19543 62983381 214017443543 1592 11127
1525907069 18788 63000832 219707367060 2264 8001
1525907070 18379 63012819 224276077133 2338 7766
1525907071 18686 62994890 221178661634 1439 8957
1525907072 19921 62998363 207192404851 2147 7080
1525907073 19893 62677704 205747012238 2107 8518
1525907074 19543 61985711 204433870897 2157 6977
1525907075 17945 61447393 379384208683 2262 55939
1525907076 18823 60007056 198899220546 2166 6854
1525907077 18802 59981783 198952140065 1665 9122
1525907078 18899 60023931 198221829813 2144 7470
1525907079 19000 59296253 192545754713 1996 7677
1525907080 19051 56516167 174713825893 1971 8069
1525907081 18944 55018720 166579551336 1792 6211
1525907082 19073 53106047 154161095145 1853 7073
1525907083 19069 51838111 148034440579 1412 6811
1525907084 20023 50994853 135959015035 1630 7394
1525907085 20501 50060247 127878463379 1583 6771
1525907086 20214 49007996 124361668054 1605 6677
1525907087 20224 48863538 123509588714 1492 6187
1525907088 20321 46144817 109889994693 1431 5845
1525907089 20226 41865521 90959846805 1241 6609
1525907090 19592 40994620 90295451642 1223 6474
1525907091 20000 39237915 81030473365 1186 6566
1525907092 19986 37806040 75256528910 1113 5874
1525907093 20243 35177187 64541866187 997 5935
1525907094 20421 33504061 57895498805 884 5414
1525907095 20147 32081521 54023475829 825 6595
1525907096 19593 29778777 47910070201 803 5934
1525907097 18694 28110942 44561431960 804 5334
1525907098 19159 27006033 40233353303 689 6118
1525907099 19895 26020549 35888147627 651 5550
1525907100 19719 21680936 25180824414 510 4820
1525907101 18683 18114514 18503689758 453 5285
1525907102 16325 13883384 12353242864 399 4578
1525907103 13329 9395285 6936342955 388 3878
1525907104 11624 7583335 5155370259 364 4667
1525907105 9835 6000404 3863973424 342 4114
1525907106 8959 5229875 3181348939 273 3608
1525907107 8314 4553752 2638418010 317 4489
1525907108 6680 3328704 1759656296 310 3860
1525907109 6197 2999629 1521387279 320 4468
1525907110 6052 3000498 3664398238 309 28657
1525907111 5973 2717650 1372599428 240 4273
1525907112 3433 1288803 508427941 230 2979
1525907113 2762 999931 382882573 254 3206
